4579.098 41.1009
 4580.312 52.97485
 4581.527 56.7196
 4582.741 60.07766
 4583.956 56.26705
 4585.170 50.03207
 4586.385 48.09394
 4587.599 47.6144
 4588.814 53.48714
 4590.028 60.71128
 4591.243 49.83548
 4592.458 44.9283
 4593.672 34.98494
 4594.887 42.32531
 4596.101 63.31909
 4597.316 56.9721
 4598.530 32.71798
 4599.745 44.81655
 4600.959 45.1045
 4602.174 44.44484
 4603.388 53.56078
 4604.603 50.04053
 4605.817 54.11038
 4607.032 46.97464
 4608.246 47.46289
 4609.461 58.05261
 4610.676 57.521
 4611.890 44.34604
 4613.105 44.40109
 4614.319 50.79804
 4615.534 60.87367
 4616.748 44.61023
 4617.963 29.68643
 4619.177 48.69922
 4620.392 43.8168
 4621.606 56.67557
 4622.821 52.07875
 4624.035 53.14941
 4625.250 58.96477
 4626.465 48.07673
 4627.679 60.32605
 4628.894 57.66574
 4630.108 44.36229
 4631.323 56.17845
 4632.537 66.34911
 4633.752 56.44334
 4634.966 67.05453
 4636.181 48.33081
 4637.395 35.22668
 4638.610 56.40653
 4639.824 66.68127
 4641.039 51.92448
 4642.253 58.07024
 4643.468 54.58553
 4644.683 45.01517
 4645.897 39.35861
 4647.112 51.18681
 4648.326 61.30219
 4649.541 50.74044
 4650.755 57.17953
 4651.970 58.82148
 4653.184 56.27604
 4654.399 53.73931
 4655.613 59.83159
 4656.828 61.86262
 4658.042 36.68068
 4659.257 43.44365
 4660.471 65.43806
 4661.686 51.80352
 4662.901 34.85036
 4664.115 48.86137
 4665.330 55.02247
 4666.544 50.74221
 4667.759 38.8803
 4668.973 45.54949
 4670.188 55.0769
 4671.402 56.01019
 4672.617 53.52312
 4673.831 36.13606
 4675.046 51.55065
 4676.260 55.88855
 4677.475 49.77903
 4678.689 60.23967
 4679.904 68.80202
 4681.119 54.00604
 4682.333 61.15831
 4683.548 55.51265
 4684.762 52.03051
 4685.977 59.85349
 4687.191 69.95841
 4688.406 77.05792
 4689.620 68.61331
 4690.835 51.99988
 4692.049 53.77456
 4693.264 52.81046
 4694.478 58.01367
 4695.693 68.13476
 4696.908 46.0706
 4698.122 62.74141
 4699.337 71.68333
 4700.551 53.6271
 4701.766 54.64837
 4702.980 72.59846
 4704.195 65.53795
 4705.409 64.99045
 4706.624 62.3613
 4707.838 57.39197
 4709.053 49.12431
 4710.267 49.78463
 4711.482 59.58103
 4712.696 56.0582
 4713.911 56.50254
 4715.126 57.86399
 4716.340 54.63926
 4717.555 67.1249
 4718.769 71.35376
 4719.984 40.82618
 4721.198 47.87865
 4722.413 63.89608
 4723.627 65.0797
 4724.842 66.06446
 4726.056 70.67979
 4727.271 65.5342
 4728.485 57.0648
 4729.700 61.3614
 4730.914 66.82402
 4732.129 61.18342
 4733.344 65.0147
 4734.558 71.41501
 4735.773 56.55429
 4736.987 58.79452
 4738.202 52.94621
 4739.416 41.22684
 4740.631 48.05004
 4741.845 62.9341
 4743.060 61.17867
 4744.274 56.94374
 4745.489 67.52064
 4746.703 94.37632
 4747.918 85.00375
 4749.133 56.83303
 4750.347 50.05648
 4751.562 53.50492
 4752.776 71.53041
 4753.991 58.73481
 4755.205 57.03742
 4756.420 64.63403
 4757.634 64.67816
 4758.849 72.00282
 4760.063 76.51935
 4761.278 61.74833
 4762.492 54.84653
 4763.707 54.02169
 4764.921 53.68344
 4766.136 63.77064
 4767.351 76.97758
 4768.565 68.02368
 4769.780 64.28437
 4770.994 65.07538
 4772.209 62.94548
 4773.423 65.86399
 4774.638 72.98898
 4775.852 63.13485
 4777.067 50.45527
 4778.281 57.03993
 4779.496 63.84042
 4780.710 58.34116
 4781.925 57.35833
 4783.139 61.14537
 4784.354 56.20531
 4785.569 67.89247
 4786.783 70.10864
 4787.998 69.21893
 4789.212 79.84393
 4790.427 67.37373
 4791.641 63.88577
 4792.856 56.83434
 4794.070 65.61308
 4795.285 67.8002
 4796.499 48.50131
 4797.714 52.06956
 4798.928 67.90338
 4800.143 62.83098
 4801.357 58.56482
 4802.572 67.46448
 4803.787 71.24875
 4805.001 60.53828
 4806.216 53.60503
 4807.430 62.84062
 4808.645 71.43087
 4809.859 76.9716
 4811.074 83.18262
 4812.288 81.51235
 4813.503 70.31049
 4814.717 64.14896
 4815.932 61.39417
 4817.146 74.07732
 4818.361 85.95239
 4819.576 75.39709
 4820.790 76.35574
 4822.005 80.87857
 4823.219 77.34449
 4824.434 63.15242
 4825.648 62.92735
 4826.863 81.71002
 4828.077 78.16306
 4829.292 86.69507
 4830.506 101.536
 4831.721 88.41426
 4832.935 73.63926
 4834.150 84.94347
 4835.364 71.13857
 4836.579 72.39024
 4837.794 72.8603
 4839.008 77.56104
 4840.223 83.51308
 4841.437 81.6858
 4842.652 95.12366
 4843.866 77.204
 4845.081 66.60298
 4846.295 76.12097
 4847.510 78.73102
 4848.724 74.3264
 4849.939 85.8846
 4851.153 74.54567
 4852.368 79.51678
 4853.582 71.32164
 4854.797 49.78968
 4856.012 67.26295
 4857.226 66.08543
 4858.441 74.73476
 4859.655 88.15743
 4860.870 85.27125
 4862.084 80.03725
 4863.299 94.7642
 4864.513 98.14444
 4865.728 89.75638
 4866.942 72.69453
 4868.157 72.48045
 4869.371 94.31034
 4870.586 99.17659
 4871.800 96.36436
 4873.015 102.8171
 4874.230 101.6492
 4875.444 92.40389
 4876.659 89.56788
 4877.873 81.6524
 4879.088 81.11478
 4880.302 77.78685
 4881.517 74.94458
 4882.731 77.3175
 4883.946 76.99877
 4885.160 79.10472
 4886.375 92.35077
 4887.589 100.5598
 4888.804 88.31743
 4890.019 80.59459
 4891.233 104.025
 4892.448 96.13788
 4893.662 86.96617
 4894.877 101.7206
 4896.091 112.2454
 4897.306 95.35534
 4898.520 84.79706
 4899.735 83.51685
 4900.949 88.31107
 4902.164 86.47561
 4903.378 87.19322
 4904.593 107.4743
 4905.807 97.30635
 4907.022 85.70572
 4908.237 88.60359
 4909.451 93.65324
 4910.666 91.87415
 4911.880 88.22479
 4913.095 89.29729
 4914.309 89.72635
 4915.524 91.50375
 4916.738 100.3951
 4917.953 106.5173
 4919.167 91.84467
 4920.382 79.13127
 4921.596 79.30673
 4922.811 88.73635
 4924.025 99.92478
 4925.240 98.64537
 4926.455 97.69154
 4927.669 87.25304
 4928.884 77.73325
 4930.098 86.56773
 4931.313 91.76917
 4932.527 92.11491
 4933.742 96.1564
 4934.956 94.06628
 4936.171 77.67261
 4937.385 69.75957
 4938.600 95.3842
 4939.814 108.6823
 4941.029 101.4813
 4942.244 95.19026
 4943.458 93.06168
 4944.673 90.69958
 4945.887 83.21909
 4947.102 85.78217
 4948.316 93.28258
 4949.531 93.97201
 4950.745 112.3142
 4951.960 110.6281
 4953.174 99.36024
 4954.389 96.76072
 4955.603 91.54935
 4956.818 79.24119
 4958.032 97.64165
 4959.247 107.8882
 4960.462 103.0475
 4961.676 106.9773
 4962.891 101.0765
 4964.105 97.72321
 4965.320 91.1895
 4966.534 87.53957
 4967.749 98.24959
 4968.963 111.7889
 4970.178 112.6578
 4971.392 106.516
 4972.607 119.3898
 4973.821 140.2037
 4975.036 124.9996
 4976.250 123.6369
 4977.465 121.9905
 4978.680 120.7535
 4979.894 128.1208
 4981.109 122.0526
 4982.323 118.6014
 4983.538 115.798
 4984.752 107.6221
 4985.967 103.407
 4987.181 111.2613
 4988.396 99.80101
 4989.610 100.2015
 4990.825 103.9815
 4992.039 90.4462
 4993.254 93.91824
 4994.468 104.2352
 4995.683 96.69385
 4996.898 94.45029
 4998.112 108.935
 4999.327 94.68927
 5000.541 108.813
 5001.756 114.068
 5002.970 105.5672
 5004.185 120.0851
 5005.399 128.2671
 5006.614 135.693
 5007.828 127.6463
 5009.043 109.0183
 5010.257 99.55351
 5011.472 84.47601
 5012.687 96.30099
 5013.901 113.3836
 5015.116 111.1766
 5016.330 110.3258
 5017.545 122.7812
 5018.759 129.4307
 5019.974 129.1687
 5021.188 128.6545
 5022.403 126.162
 5023.617 137.9267
 5024.832 144.1986
 5026.046 139.5195
 5027.261 124.0656
 5028.475 89.07232
 5029.690 100.3492
 5030.905 117.5023
 5032.119 109.0546
 5033.334 107.6322
 5034.548 119.8387
 5035.763 128.6195
 5036.977 125.3706
 5038.192 118.5704
 5039.406 123.0565
 5040.621 137.9497
 5041.835 129.0375
 5043.050 105.4541
 5044.264 104.3288
 5045.479 123.4619
 5046.693 127.2262
 5047.908 114.229
 5049.123 118.2394
 5050.337 142.8958
 5051.552 121.3557
 5052.766 123.0722
 5053.981 131.4339
 5055.195 117.0591
 5056.410 131.1761
 5057.624 119.3561
 5058.839 121.4304
 5060.053 137.3305
 5061.268 125.3545
 5062.482 127.8111
 5063.697 115.633
 5064.911 106.7275
 5066.126 120.0356
 5067.341 125.2424
 5068.555 132.2953
 5069.770 147.8916
 5070.984 143.2818
 5072.199 108.1768
 5073.413 106.3164
 5074.628 113.6223
 5075.842 109.1443
 5077.057 110.2484
 5078.271 134.014
 5079.486 133.6339
 5080.700 126.5809
 5081.915 134.318
 5083.130 142.0805
 5084.344 132.585
 5085.559 120.5625
 5086.773 131.3111
 5087.988 145.5801
 5089.202 115.1089
 5090.417 117.8993
 5091.631 136.3515
 5092.846 132.5529
 5094.060 125.5588
 5095.275 135.5022
 5096.489 128.9827
 5097.704 114.978
 5098.918 127.3017
 5100.133 144.1456
 5101.348 140.7091
 5102.562 124.0924
 5103.777 118.3365
 5104.991 130.6831
 5106.206 135.0537
 5107.420 148.1889
 5108.635 157.3058
 5109.849 133.0221
 5111.064 135.9985
 5112.278 140.2997
 5113.493 125.4331
 5114.707 112.1654
 5115.922 118.2998
 5117.136 125.8845
 5118.351 129.2263
 5119.566 132.0205
 5120.780 131.5521
 5121.995 136.2505
 5123.209 146.4721
 5124.424 148.0148
 5125.638 132.8036
 5126.853 132.5885
 5128.067 127.7802
 5129.282 122.386
 5130.496 144.0086
 5131.711 156.4644
 5132.925 133.1698
 5134.140 107.5803
 5135.355 119.6686
 5136.569 136.7352
 5137.784 139.893
 5138.998 132.4866
 5140.213 130.939
 5141.427 144.8373
 5142.642 146.336
 5143.856 132.3481
 5145.071 124.0984
 5146.285 135.4037
 5147.500 144.3379
 5148.714 144.1763
 5149.929 136.9524
 5151.143 124.7546
 5152.358 121.6453
 5153.573 118.3374
 5154.787 115.5668
 5156.002 120.4712
 5157.216 99.71413
 5158.431 81.93814
 5159.645 98.37665
 5160.860 132.2651
 5162.074 133.4169
 5163.289 136.2507
 5164.503 155.4979
 5165.718 159.5424
 5166.932 136.393
 5168.147 120.649
 5169.361 122.8752
 5170.576 125.8125
 5171.791 127.5487
 5173.005 131.5681
 5174.220 121.5158
 5175.434 100.1039
 5176.649 121.2591
 5177.863 148.984
 5179.078 154.2647
 5180.292 140.3913
 5181.507 119.7257
 5182.721 123.7241
 5183.936 139.8866
 5185.150 141.101
 5186.365 140.1
 5187.579 140.2477
 5188.794 145.1891
 5190.009 150.2173
 5191.223 139.2643
 5192.438 137.4819
 5193.652 140.2577
 5194.867 134.0755
 5196.081 139.9973
 5197.296 148.4733
 5198.510 149.3798
 5199.725 146.0368
 5200.939 149.0616
 5202.154 152.5746
 5203.368 149.2905
 5204.583 139.7597
 5205.798 135.6761
 5207.012 156.934
 5208.227 170.692
 5209.441 146.2738
 5210.656 136.1486
 5211.870 145.8269
 5213.085 146.2923
 5214.299 123.3925
 5215.514 115.4494
 5216.728 130.351
 5217.943 154.3146
 5219.157 168.5495
 5220.372 162.7247
 5221.586 146.8622
 5222.801 139.0156
 5224.016 141.3629
 5225.230 124.687
 5226.445 118.6379
 5227.659 137.5572
 5228.874 152.3096
 5230.088 147.0938
 5231.303 136.6131
 5232.517 141.1421
 5233.732 160.9611
 5234.946 167.3475
 5236.161 159.367
 5237.375 152.9628
 5238.590 156.4791
 5239.804 158.4119
 5241.019 145.6357
 5242.234 128.1208
 5243.448 131.3599
 5244.663 111.7742
 5245.877 81.17385
 5247.092 81.60686
 5248.306 104.8359
 5249.521 108.3635
 5250.735 100.0469
 5251.950 113.3476
 5253.164 128.91
 5254.379 127.8377
 5255.593 129.4215
 5256.808 154.5027
 5258.023 147.8157
 5259.237 125.882
 5260.452 111.8961
 5261.666 103.2972
 5262.881 131.2727
 5264.095 150.7743
 5265.310 138.0055
 5266.524 147.4922
 5267.739 153.3511
 5268.953 145.2582
 5270.168 138.9673
 5271.382 144.2099
 5272.597 143.9657
 5273.811 133.927
 5275.026 127.7469
 5276.241 134.1668
 5277.455 135.7769
 5278.670 137.3407
 5279.884 158.6621
 5281.099 165.9896
 5282.313 163.7074
 5283.528 159.8448
 5284.742 140.5859
 5285.957 121.7909
 5287.171 106.5908
 5288.386 107.5108
 5289.600 154.8924
 5290.815 166.4731
 5292.029 148.7488
 5293.244 165.6049
 5294.459 166.3749
 5295.673 172.7286
 5296.888 185.7225
 5298.102 162.7795
 5299.317 139.9607
 5300.531 148.0113
 5301.746 172.6115
 5302.960 167.6304
 5304.175 161.2071
 5305.389 159.7365
 5306.604 148.0213
 5307.818 136.7969
 5309.033 136.8698
 5310.247 143.4111
 5311.462 144.409
 5312.677 148.5963
 5313.891 146.1586
 5315.106 136.0687
 5316.320 140.8767
 5317.535 154.1746
 5318.749 153.0562
 5319.964 142.2291
 5321.178 175.0853
 5322.393 190.6417
 5323.607 171.6438
 5324.822 167.3725
 5326.036 151.5939
 5327.251 151.1264
 5328.466 173.7431
 5329.680 164.4261
 5330.895 155.0487
 5332.109 157.2479
 5333.324 153.4487
 5334.538 143.8754
 5335.753 147.8365
 5336.967 165.0497
 5338.182 171.7521
 5339.396 165.5817
 5340.611 156.8628
 5341.825 148.9572
 5343.040 134.9254
 5344.254 149.1483
 5345.469 167.7846
 5346.684 146.4218
 5347.898 138.3815
 5349.113 139.0543
 5350.327 138.0801
 5351.542 152.447
 5352.756 158.2161
 5353.971 152.6804
 5355.185 149.2849
 5356.400 150.1426
 5357.614 168.0995
 5358.829 172.9445
 5360.043 134.1637
 5361.258 161.9322
 5362.472 196.3164
 5363.687 166.1409
 5364.902 159.0313
 5366.116 173.4428
 5367.331 190.4523
 5368.545 204.2558
 5369.760 206.3596
 5370.974 202.7518
 5372.189 192.5032
 5373.403 165.2132
 5374.618 155.5376
 5375.832 166.1384
 5377.047 174.5673
 5378.261 180.5615
 5379.476 174.2372
 5380.690 172.3772
 5381.905 203.2079
 5383.120 194.4106
 5384.334 169.1313
 5385.549 188.129
 5386.763 215.0106
 5387.978 212.8367
 5389.192 190.1503
 5390.407 184.8702
 5391.621 178.121
 5392.836 160.7436
 5394.050 151.421
 5395.265 179.6674
 5396.479 199.0247
 5397.694 193.7885
 5398.909 197.4715
 5400.123 199.7419
 5401.338 200.8566
 5402.552 200.2053
 5403.767 181.3989
 5404.981 168.247
 5406.196 164.1492
 5407.410 152.0354
 5408.625 157.3869
 5409.839 161.1431
 5411.054 146.0799
 5412.268 145.7648
 5413.483 156.6981
 5414.697 160.5576
 5415.912 151.605
 5417.127 158.4314
 5418.341 173.4565
 5419.556 181.8654
 5420.770 194.479
 5421.985 192.8708
 5423.199 170.5261
 5424.414 150.4166
 5425.628 167.815
 5426.843 193.2187
 5428.057 190.9838
 5429.272 184.0044
 5430.486 184.2793
 5431.701 186.9238
 5432.915 186.4111
 5434.130 205.8318
 5435.345 214.8064
 5436.559 196.5202
 5437.774 210.9323
 5438.988 220.4791
 5440.203 200.712
 5441.417 181.5698
 5442.632 176.7642
 5443.846 179.4262
 5445.061 185.2639
 5446.275 207.1389
 5447.490 196.8122
 5448.704 166.9379
 5449.919 191.5181
 5451.134 195.1261
 5452.348 167.9184
 5453.563 157.2884
 5454.777 168.5583
 5455.992 184.2207
 5457.206 194.8151
 5458.421 206.0317
 5459.635 201.985
 5460.850 192.5431
 5462.064 197.594
 5463.279 199.3142
 5464.493 191.3682
 5465.708 183.9564
 5466.922 191.1774
 5468.137 191.9373
 5469.352 176.8181
 5470.566 161.5933
 5471.781 169.9706
 5472.995 190.2723
 5474.210 196.7664
 5475.424 184.4387
 5476.639 191.2006
 5477.853 212.458
 5479.068 203.6395
 5480.282 191.4001
 5481.497 182.2547
 5482.711 168.1681
 5483.926 160.7281
 5485.140 165.5167
 5486.355 182.7881
 5487.570 205.0928
 5488.784 204.2579
 5489.999 182.2738
 5491.213 167.2146
 5492.428 175.2583
 5493.642 183.3362
 5494.857 183.8885
 5496.071 208.8925
 5497.286 219.0685
 5498.500 210.9714
 5499.715 218.9265
 5500.929 213.3454
 5502.144 197.8936
 5503.358 189.5743
 5504.573 178.1407
 5505.788 177.2036
 5507.002 187.0185
 5508.217 186.9283
 5509.431 190.7215
 5510.646 201.8836
 5511.860 206.7916
 5513.075 191.6876
 5514.289 175.6032
 5515.504 173.1507
 5516.718 171.6346
 5517.933 186.5585
 5519.147 205.4436
 5520.362 197.9513
 5521.577 196.4264
 5522.791 209.6283
 5524.006 216.7751
 5525.220 196.4865
 5526.435 194.4175
 5527.649 213.9894
 5528.864 194.1171
 5530.078 189.3493
 5531.293 213.1384
 5532.507 231.151
 5533.722 246.1955
 5534.936 219.2495
 5536.151 159.9327
 5537.365 176.6031
 5538.580 199.1789
 5539.795 187.8499
 5541.009 193.9239
 5542.224 192.8462
 5543.438 193.3252
 5544.653 216.4447
 5545.867 226.0886
 5547.082 224.7813
 5548.296 218.48
 5549.511 194.3746
 5550.725 196.2552
 5551.940 219.8859
 5553.154 216.042
 5554.369 207.4374
 5555.583 204.3541
 5556.798 198.3041
 5558.013 183.1477
 5559.227 168.7061
 5560.442 168.4887
 5561.656 185.1483
 5562.871 194.0197
 5564.085 185.7213
 5565.300 172.8575
 5566.514 168.801
 5567.729 182.2627
 5568.943 201.3944
 5570.158 191.3443
 5571.372 188.496
 5572.587 205.7934
 5573.802 200.0507
 5575.016 189.7695
 5576.231 195.8557
 5577.445 214.1813
 5578.660 213.398
 5579.874 201.6516
 5581.089 200.3821
 5582.303 206.4361
 5583.518 213.7374
 5584.732 211.1542
 5585.947 191.5893
 5587.161 187.7582
 5588.376 201.7312
 5589.590 208.2783
 5590.805 203.9756
 5592.020 197.8642
 5593.234 192.7243
 5594.449 177.6497
 5595.663 181.1514
 5596.878 205.8836
 5598.092 211.9394
 5599.307 195.6056
 5600.521 178.9883
 5601.736 183.6243
 5602.950 194.3893
 5604.165 195.817
 5605.379 185.6223
 5606.594 179.6412
 5607.808 197.0169
 5609.023 219.9613
 5610.238 205.5473
 5611.452 193.1647
 5612.667 191.011
 5613.881 178.0132
 5615.096 173.7592
 5616.310 178.2245
 5617.525 183.6382
 5618.739 195.3656
 5619.954 209.6322
 5621.168 215.0806
 5622.383 204.0521
 5623.597 200.3859
 5624.812 205.1695
 5626.026 202.5167
 5627.241 203.5374
 5628.456 202.6762
 5629.670 204.8058
 5630.885 243.0882
 5632.099 244.603
 5633.314 190.5659
 5634.528 171.8201
 5635.743 185.478
 5636.957 205.771
 5638.172 215.927
 5639.386 211.0304
 5640.601 196.1143
 5641.815 190.0913
 5643.030 217.7612
 5644.245 221.0823
 5645.459 184.4112
 5646.674 183.0203
 5647.888 200.9055
 5649.103 208.9743
 5650.317 198.0414
 5651.532 172.8214
 5652.746 163.519
 5653.961 180.207
 5655.175 169.1921
 5656.390 175.5674
 5657.604 219.4266
 5658.819 224.1396
 5660.033 200.9987
 5661.248 183.6651
 5662.463 186.391
 5663.677 191.1181
 5664.892 196.8246
 5666.106 208.0423
 5667.321 203.6371
 5668.535 188.1977
 5669.750 184.4009
 5670.964 208.7925
 5672.179 219.6689
 5673.393 196.608
 5674.608 170.2638
 5675.822 178.2985
 5677.037 204.6734
 5678.251 208.2026
 5679.466 198.8689
 5680.681 195.7818
 5681.895 199.0925
 5683.110 183.6183
 5684.324 182.2841
 5685.539 198.8957
 5686.753 188.325
 5687.968 184.7024
 5689.182 198.3186
 5690.397 203.1336
 5691.611 191.5984
 5692.826 182.9641
 5694.040 195.8687
 5695.255 216.7937
 5696.469 223.3699
 5697.684 210.9581
 5698.899 198.3323
 5700.113 182.0049
 5701.328 172.1638
 5702.542 185.7516
 5703.757 194.4844
 5704.971 201.7549
 5706.186 214.6263
 5707.400 191.9439
 5708.615 179.1482
 5709.829 203.2831
 5711.044 198.763
 5712.258 167.5388
 5713.473 148.037
 5714.688 173.9481
 5715.902 219.6872
 5717.117 243.4634
 5718.331 222.9525
 5719.546 190.9958
 5720.760 191.8446
 5721.975 220.9125
 5723.189 204.7924
 5724.404 206.2585
 5725.618 229.4771
 5726.833 178.0667
 5728.047 162.1369
 5729.262 197.2258
 5730.476 197.2792
 5731.691 191.4136
 5732.906 188.7842
 5734.120 186.0538
 5735.335 203.5195
 5736.549 203.1821
 5737.764 178.6397
 5738.978 192.0594
 5740.193 211.4543
 5741.407 201.7885
 5742.622 172.9546
 5743.836 179.2783
 5745.051 197.2029
 5746.265 180.6478
 5747.480 179.4751
 5748.694 204.0226
 5749.909 219.773
 5751.124 185.1088
 5752.338 172.4287
 5753.553 193.9951
 5754.767 175.8406
 5755.982 181.3697
 5757.196 200.7292
 5758.411 179.9327
 5759.625 189.5571
 5760.840 205.8578
 5762.054 190.8907
 5763.269 201.9499
 5764.483 214.0918
 5765.698 208.9292
 5766.913 219.4524
 5768.127 225.6603
 5769.342 213.6192
 5770.556 192.083
 5771.771 172.0509
 5772.985 173.0878
 5774.200 197.1632
 5775.414 201.8211
 5776.629 196.1373
 5777.843 201.0565
 5779.058 209.1742
 5780.272 198.6199
 5781.487 183.0014
 5782.701 199.8862
 5783.916 216.0345
 5785.131 210.9292
 5786.345 192.1433
 5787.560 178.0768
 5788.774 178.9608
 5789.989 184.8537
 5791.203 170.4791
 5792.418 174.315
 5793.632 203.5523
 5794.847 206.9521
 5796.061 188.8071
 5797.276 177.0847
 5798.490 186.8101
 5799.705 181.9769
 5800.919 189.5565
 5802.134 225.0294
 5803.349 206.6413
 5804.563 181.3313
 5805.778 197.3445
 5806.992 218.1696
 5808.207 222.27
 5809.421 214.655
 5810.636 212.2751
 5811.850 206.2514
 5813.065 197.7455
 5814.279 196.08
 5815.494 201.9782
 5816.708 202.51
 5817.923 192.1522
 5819.137 185.8429
 5820.352 190.8188
 5821.567 204.2599
 5822.781 214.8824
 5823.996 209.3339
 5825.210 196.7224
 5826.425 191.0382
 5827.639 175.7997
 5828.854 172.9715
 5830.068 196.6883
 5831.283 209.1527
 5832.497 209.8356
 5833.712 208.063
 5834.926 203.6105
 5836.141 194.424
 5837.356 189.18
 5838.570 198.5956
 5839.785 210.6212
 5840.999 208.2475
 5842.214 193.7965
 5843.428 200.444
 5844.643 204.111
 5845.857 188.8118
 5847.072 181.3154
 5848.286 181.8689
 5849.501 191.2225
 5850.715 211.3925
 5851.930 220.3054
 5853.144 210.8659
 5854.359 195.667
 5855.574 195.1172
 5856.788 191.154
 5858.003 172.4899
 5859.217 163.1462
 5860.432 167.4887
 5861.646 175.163
 5862.861 176.0547
 5864.075 185.8401
 5865.290 199.7179
 5866.504 200.7606
 5867.719 190.861
 5868.933 182.4454
 5870.148 182.7373
 5871.362 184.865
 5872.577 186.9304
 5873.792 187.9963
 5875.006 188.1291
 5876.221 195.5034
 5877.435 200.6725
 5878.650 191.5024
 5879.864 186.4657
 5881.079 187.2376
 5882.293 187.1149
 5883.508 186.5689
 5884.722 190.4929
 5885.937 192.0088
 5887.151 175.6546
 5888.366 155.5613
 5889.580 164.4081
 5890.795 205.5094
 5892.010 193.6935
 5893.224 171.8049
 5894.439 197.6923
 5895.653 213.457
 5896.868 205.4021
 5898.082 189.1781
 5899.297 188.4812
 5900.511 222.0746
 5901.726 246.2731
 5902.940 211.2888
 5904.155 188.9362
 5905.369 192.6437
 5906.584 196.2161
 5907.799 192.7277
 5909.013 201.5464
 5910.228 212.1903
 5911.442 187.4498
 5912.657 185.9113
 5913.871 206.0597
 5915.086 198.7336
 5916.300 191.3679
 5917.515 194.2811
 5918.729 195.3126
 5919.944 182.2074
 5921.158 186.4477
 5922.373 204.9553
 5923.587 188.1031
 5924.802 169.3978
 5926.017 175.007
 5927.231 194.1932
 5928.446 193.8038
 5929.660 195.7867
 5930.875 215.2431
 5932.089 203.6241
 5933.304 194.2565
 5934.518 204.9413
 5935.733 200.4137
 5936.947 188.4728
 5938.162 184.2787
 5939.376 189.1959
 5940.591 182.3711
 5941.805 176.1477
 5943.020 187.6048
 5944.235 202.0625
 5945.449 189.4523
 5946.664 156.8087
 5947.878 150.9403
 5949.093 177.754
 5950.307 192.462
 5951.522 164.4166
 5952.736 168.4794
 5953.951 190.7914
 5955.165 195.6051
 5956.380 201.1902
 5957.594 201.8094
 5958.809 195.8341
 5960.024 191.7032
 5961.238 177.9035
 5962.453 165.0213
 5963.667 171.5472
 5964.882 187.4657
 5966.096 196.1263
 5967.311 191.59
 5968.525 187.6915
 5969.740 205.0647
 5970.954 218.2321
 5972.169 189.1548
 5973.383 185.6393
 5974.598 190.3252
 5975.812 160.511
 5977.027 142.3217
 5978.242 134.891
 5979.456 130.8547
 5980.671 140.8708
 5981.885 141.8036
 5983.100 130.8089
 5984.314 122.517
 5985.529 109.3504
 5986.743 124.0627
 5987.958 172.4532
 5989.172 182.3728
 5990.387 178.0122
 5991.601 187.245
 5992.816 194.7308
 5994.030 184.0285
 5995.245 177.3101
 5996.460 190.75
 5997.674 171.2369
 5998.889 169.2184
 6000.103 199.7455
 6001.318 172.3396
 6002.532 154.2721
 6003.747 176.1558
 6004.961 189.9909
 6006.176 178.3625
 6007.390 166.4666
 6008.605 174.1312
 6009.819 173.4355
 6011.034 176.3779
 6012.248 189.0413
 6013.463 192.1028
 6014.678 184.447
 6015.892 171.7867
 6017.107 163.6265
 6018.321 172.0011
 6019.536 184.0435
 6020.750 191.1876
 6021.965 202.6908
 6023.179 188.9337
 6024.394 164.0137
 6025.608 170.6258
 6026.823 174.6386
 6028.037 164.7062
 6029.252 158.1037
 6030.467 175.0867
 6031.681 197.3581
 6032.896 198.6257
 6034.110 176.6381
 6035.325 181.1858
 6036.539 194.9253
 6037.754 176.1057
 6038.968 157.9043
 6040.183 159.1051
 6041.397 179.0511
 6042.612 202.88
 6043.826 202.5103
 6045.041 189.1174
 6046.255 193.5344
 6047.470 199.7334
 6048.685 186.8634
 6049.899 163.7887
 6051.114 170.0869
 6052.328 173.5015
 6053.543 174.4549
 6054.757 198.6277
 6055.972 182.199
 6057.186 162.2288
 6058.401 183.0961
 6059.615 181.6631
 6060.830 183.8559
 6062.044 193.727
 6063.259 175.0274
 6064.473 182.6844
 6065.688 207.8788
 6066.903 206.0136
 6068.117 183.8629
 6069.332 170.4965
 6070.546 171.9901
 6071.761 166.1843
 6072.975 163.7767
 6074.190 166.3527
 6075.404 168.0668
 6076.619 174.2508
 6077.833 171.8426
 6079.048 161.0868
 6080.262 164.846
 6081.477 174.21
 6082.692 182.419
 6083.906 182.8682
 6085.121 155.3874
 6086.335 141.732
 6087.550 157.676
 6088.764 155.8931
 6089.979 167.6282
 6091.193 185.9492
 6092.408 180.4102
 6093.622 187.3811
 6094.837 189.2491
 6096.051 177.0664
 6097.266 187.8654
 6098.480 191.9501
 6099.695 177.4615
 6100.910 164.8546
 6102.124 168.8761
 6103.339 185.2912
 6104.553 195.1496
 6105.768 182.2529
 6106.982 177.3003
 6108.197 181.9467
 6109.411 174.3795
 6110.626 166.2743
 6111.840 159.3937
 6113.055 159.5398
 6114.269 179.2376
 6115.484 186.1645
 6116.698 170.7541
 6117.913 157.3683
 6119.128 170.5157
 6120.342 168.3154
 6121.557 148.8955
 6122.771 178.6573
 6123.986 192.4021
 6125.200 171.6769
 6126.415 161.5104
 6127.629 188.2691
 6128.844 209.7339
 6130.058 193.7939
 6131.273 163.788
 6132.487 154.0558
 6133.702 176.2821
 6134.916 206.368
 6136.131 196.7259
 6137.346 184.6792
 6138.560 198.879
 6139.775 211.6587
 6140.989 191.4698
 6142.204 177.408
 6143.418 191.1008
 6144.633 161.0201
 6145.847 168.0149
 6147.062 200.6389
 6148.276 165.2258
 6149.491 180.4768
 6150.705 210.5788
 6151.920 186.2567
 6153.135 165.0898
 6154.349 180.3066
 6155.564 197.4368
 6156.778 173.323
 6157.993 163.6802
 6159.207 173.0853
 6160.422 181.9686
 6161.636 184.6823
 6162.851 181.7299
 6164.065 182.0275
 6165.280 185.2032
 6166.494 168.8309
 6167.709 161.599
 6168.923 173.7903
 6170.138 179.4101
 6171.353 180.2885
 6172.567 171.7545
 6173.782 157.4836
 6174.996 161.176
 6176.211 173.9798
 6177.425 184.3157
 6178.640 186.5308
 6179.854 173.7863
 6181.069 159.3696
 6182.283 150.8179
 6183.498 140.7909
 6184.712 140.442
 6185.927 146.162
 6187.141 150.1947
 6188.356 161.2217
 6189.571 180.4457
 6190.785 196.0326
 6192.000 189.4444
 6193.214 156.1313
 6194.429 144.3213
 6195.643 170.8945
 6196.858 184.1522
 6198.072 179.5889
 6199.287 168.269
 6200.501 159.7124
 6201.716 156.5141
 6202.930 155.5881
 6204.145 157.6116
 6205.359 164.5796
 6206.574 168.4268
 6207.789 176.286
 6209.003 187.0158
 6210.218 183.5741
 6211.432 178.6197
 6212.647 181.5155
 6213.861 177.6986
 6215.076 141.0996
 6216.290 142.59
 6217.505 178.441
 6218.719 181.5627
 6219.934 183.0023
 6221.148 179.3408
 6222.363 166.5942
 6223.578 162.24
 6224.792 156.6086
 6226.007 156.8638
 6227.221 161.4232
 6228.436 144.2114
 6229.650 142.1203
 6230.865 154.5355
 6232.079 153.5205
 6233.294 152.3421
 6234.508 156.8609
 6235.723 162.3637
 6236.937 160.1927
 6238.152 149.6508
 6239.366 157.1543
 6240.581 175.0224
 6241.796 158.5875
 6243.010 152.8003
 6244.225 166.6072
 6245.439 175.0673
 6246.654 165.9807
 6247.868 157.3776
 6249.083 162.3795
 6250.297 172.758
 6251.512 163.6164
 6252.726 138.1299
 6253.941 124.2317
 6255.155 141.5047
 6256.370 158.7351
 6257.584 171.4594
 6258.799 167.1182
 6260.014 131.4658
 6261.228 127.8953
 6262.443 151.8885
 6263.657 169.1233
 6264.872 170.4066
 6266.086 151.8621
 6267.301 141.3497
 6268.515 157.0927
 6269.730 170.1578
 6270.944 166.48
 6272.159 149.1217
 6273.373 136.7382
 6274.588 150.2906
 6275.803 154.2105
 6277.017 137.452
 6278.232 128.7484
 6279.446 146.4689
 6280.661 143.0884
 6281.875 124.5792
 6283.090 140.3202
 6284.304 148.9924
 6285.519 133.1173
 6286.733 120.5551
 6287.948 140.3397
 6289.162 143.5512
 6290.377 146.1438
 6291.591 159.3403
 6292.806 153.5643
 6294.021 147.2011
 6295.235 143.1884
 6296.450 148.7704
 6297.664 174.1996
 6298.879 160.199
 6300.093 144.0193
 6301.308 158.0657
 6302.522 149.2735
 6303.737 142.0731
 6304.951 147.4435
 6306.166 148.0894
 6307.380 132.1545
 6308.595 142.4927
 6309.809 156.5165
 6311.024 145.1984
 6312.239 141.7826
 6313.453 123.2995
 6314.668 115.8577
 6315.882 135.742
 6317.097 128.7461
 6318.311 135.365
 6319.526 149.7888
 6320.740 142.4333
 6321.955 131.4099
 6323.169 124.0169
 6324.384 129.9079
 6325.598 149.3594
 6326.813 160.9899
 6328.027 155.3753
 6329.242 142.5974
 6330.457 137.9564
 6331.671 140.9271
 6332.886 127.9957
 6334.100 116.1296
 6335.315 120.9905
 6336.529 117.421
 6337.744 131.3571
 6338.958 145.5737
 6340.173 140.9926
 6341.387 147.0187
 6342.602 158.799
 6343.816 153.9659
 6345.031 138.9258
 6346.246 147.6559
 6347.460 141.8983
 6348.675 135.7563
 6349.889 144.208
 6351.104 140.3787
 6352.318 137.5979
 6353.533 130.514
 6354.747 126.9556
 6355.962 140.6143
 6357.176 114.646
 6358.391 116.0875
 6359.605 145.2988
 6360.820 123.5959
 6362.034 138.8162
 6363.249 145.2373
 6364.464 135.3546
 6365.678 152.2592
 6366.893 128.1451
 6368.107 118.7656
 6369.322 133.9629
 6370.536 134.6241
 6371.751 147.9677
 6372.965 162.6676
 6374.180 151.5748
 6375.394 122.2328
 6376.609 125.5643
 6377.823 146.4611
 6379.038 157.6794
 6380.252 155.9782
 6381.467 158.4968
 6382.682 157.8067
 6383.896 152.1162
 6385.111 139.7812
 6386.325 123.1127
 6387.540 127.2244
 6388.754 133.0041
 6389.969 124.4193
 6391.183 118.9101
 6392.398 141.7879
 6393.612 146.8815
 6394.827 132.9033
 6396.041 128.0514
 6397.256 122.9679
 6398.470 127.8453
 6399.685 134.3057
 6400.900 134.0076
 6402.114 134.4476
 6403.329 130.2765
 6404.543 130.4021
 6405.758 129.5167
 6406.972 117.6477
 6408.187 122.0081
 6409.401 136.9896
 6410.616 144.5035
 6411.830 142.9859
 6413.045 147.1783
 6414.259 136.1543
 6415.474 139.8202
 6416.689 156.8745
 6417.903 134.2138
 6419.118 114.3018
 6420.332 110.8349
 6421.547 118.5714
 6422.761 133.0149
 6423.976 145.118
 6425.190 136.5021
 6426.405 123.0501
 6427.619 121.9737
 6428.834 123.7041
 6430.048 140.2663
 6431.263 149.0643
 6432.477 138.0699
 6433.692 123.9476
 6434.907 119.3302
 6436.121 135.6867
 6437.336 138.9833
 6438.550 121.8419
 6439.765 132.3806
 6440.979 120.4547
 6442.194 112.4239
 6443.408 117.3799
 6444.623 109.0634
 6445.837 118.8954
 6447.052 129.2482
 6448.266 129.0275
 6449.481 119.7305
 6450.695 103.8451
 6451.910 104.0979
 6453.125 128.1964
 6454.339 140.5212
 6455.554 125.9923
 6456.768 141.6593
 6457.983 131.5809
 6459.197 109.8931
 6460.412 110.9462
 6461.626 119.7928
 6462.841 128.0774
 6464.055 130.297
 6465.270 119.8499
 6466.484 109.1275
 6467.699 122.4876
 6468.914 126.7804
 6470.128 136.9341
 6471.343 139.3957
 6472.557 114.3469
 6473.772 118.2236
 6474.986 127.4219
 6476.201 132.0794
 6477.415 124.5437
 6478.630 104.8916
 6479.844 125.0361
 6481.059 124.6427
 6482.273 111.2694
 6483.488 114.9519
 6484.702 112.1208
 6485.917 126.1323
 6487.132 125.5596
 6488.346 120.3699
 6489.561 126.6445
 6490.775 113.8388
 6491.990 131.1416
 6493.204 138.2317
 6494.419 124.0912
 6495.633 118.8177
 6496.848 112.0238
 6498.062 124.4387
 6499.277 117.791
 6500.491 101.6809
 6501.706 120.9771
 6502.920 141.1049
 6504.135 145.2939
 6505.350 130.7396
 6506.564 111.3821
 6507.779 104.9991
 6508.993 108.1702
 6510.208 110.3816
 6511.422 124.4175
 6512.637 137.0907
 6513.851 124.258
 6515.066 117.3887
 6516.280 123.2781
 6517.495 125.0622
 6518.709 122.1247
 6519.924 124.0241
 6521.138 118.8648
 6522.353 126.2718
 6523.568 130.8517
 6524.782 122.7922
 6525.997 115.9497
 6527.211 113.547
 6528.426 117.5989
 6529.640 117.7448
 6530.855 111.0343
 6532.069 116.9565
 6533.284 146.498
 6534.498 136.5607
 6535.713 113.1311
 6536.927 116.5332
 6538.142 132.5364
 6539.357 124.5357
 6540.571 109.3303
 6541.786 109.8046
 6543.000 111.3541
 6544.215 103.4958
 6545.429 104.9162
 6546.644 102.0506
 6547.858 96.56908
 6549.073 103.4509
 6550.287 114.8887
 6551.502 112.9903
 6552.716 121.8125
 6553.931 145.7673
 6555.145 156.9016
 6556.360 143.947
 6557.575 125.1582
 6558.789 115.4604
 6560.004 117.7943
 6561.218 129.6875
 6562.433 122.6136
 6563.647 103.5778
 6564.862 112.9382
 6566.076 102.872
 6567.291 120.0775
 6568.505 133.1364
 6569.720 119.2215
 6570.934 113.8695
 6572.149 111.8655
 6573.363 131.4109
 6574.578 132.8087
 6575.793 132.5639
 6577.007 148.3126
 6578.222 132.5999
 6579.436 118.0131
 6580.651 119.3369
 6581.865 109.7319
 6583.080 96.27347
 6584.294 110.0958
 6585.509 126.9264
 6586.723 123.722
 6587.938 111.5445
 6589.152 106.2502
 6590.367 114.9932
 6591.582 127.9734
 6592.796 119.1189
 6594.011 116.4001
 6595.225 115.1771
 6596.440 113.5977
 6597.654 118.6182
 6598.869 120.0788
 6600.083 118.5842
 6601.298 124.6008
 6602.512 145.0775
 6603.727 144.6751
 6604.941 109.0111
 6606.156 100.7289
 6607.370 119.2061
 6608.585 108.8022
 6609.800 96.61934
 6611.014 110.8301
 6612.229 117.3964
 6613.443 99.83376
 6614.658 96.213
 6615.872 112.8788
 6617.087 128.4866
 6618.301 117.0497
 6619.516 94.79736
 6620.730 111.7808
 6621.945 119.8405
 6623.159 125.1325
 6624.374 106.4552
 6625.588 91.21883
 6626.803 115.2027
 6628.018 111.6953
 6629.232 110.922
 6630.447 108.3389
 6631.661 111.9757
 6632.876 120.4972
 6634.090 122.4743
 6635.305 127.8251
 6636.519 126.4953
 6637.734 125.2546
 6638.948 109.3923
 6640.163 98.22584
 6641.377 113.8867
 6642.592 123.9888
 6643.806 117.009
 6645.021 112.4242
 6646.236 127.2877
 6647.450 127.7122
 6648.665 119.0476
 6649.879 137.1698
 6651.094 122.5107
 6652.308 113.7251
 6653.523 110.1095
 6654.737 104.0795
 6655.952 104.6646
 6657.166 119.5777
 6658.381 142.773
 6659.595 163.6654
 6660.810 195.3045
 6662.025 216.0119
 6663.239 237.8487
 6664.454 243.3952
 6665.668 198.565
 6666.883 180.4211
 6668.097 126.7952
 6669.312 101.7218
 6670.526 94.86115
 6671.741 87.58525
 6672.955 100.1705
 6674.170 115.7523
 6675.384 139.8878
 6676.599 136.2851
 6677.813 125.7797
 6679.028 132.4616
 6680.243 150.5597
 6681.457 161.1977
 6682.672 159.7269
 6683.886 170.9429
 6685.101 158.0564
 6686.315 156.523
 6687.530 157.5793
 6688.744 138.7261
 6689.959 111.579
 6691.173 73.78447
 6692.388 84.8354
 6693.602 93.00516
 6694.817 95.74508
 6696.031 97.54107
 6697.246 102.5781
 6698.461 115.4235
 6699.675 110.167
 6700.890 111.2235
 6702.104 103.3337
 6703.319 85.49212
 6704.533 84.65518
 6705.748 100.0504
 6706.962 102.1009
 6708.177 97.89054
 6709.391 114.7603
 6710.606 107.044
 6711.820 103.5212
 6713.035 102.2743
 6714.249 105.3821
 6715.464 112.2504
 6716.679 93.60968
 6717.893 101.0377
 6719.108 118.3711
 6720.322 131.8273
 6721.537 112.9251
 6722.751 102.8784
 6723.966 116.7813
 6725.180 105.7203
 6726.395 102.8259
 6727.609 112.5413
 6728.824 122.3987
 6730.038 108.7474
 6731.253 98.03802
 6732.468 92.3242
 6733.682 78.91267
 6734.897 84.48193
 6736.111 90.56978
 6737.326 94.07467
 6738.540 91.20842
 6739.755 89.94672
 6740.969 85.87943
 6742.184 89.08701
 6743.398 104.4313
 6744.613 101.8059
 6745.827 98.0728
 6747.042 102.7516
 6748.256 124.7061
 6749.471 124.1019
 6750.686 100.5501
 6751.900 98.73766
 6753.115 109.1917
 6754.329 91.57735
 6755.544 91.19203
 6756.758 97.73283
 6757.973 95.04667
 6759.187 101.043
 6760.402 111.0045
 6761.616 89.57719
 6762.831 61.24518
 6764.045 85.7067
 6765.260 103.9144
 6766.474 91.03814
 6767.689 72.22038
 6768.904 88.37112
 6770.118 94.46359
 6771.333 79.71112
 6772.547 69.42682
 6773.762 62.13549
 6774.976 103.9611
 6776.191 116.1417
 6777.405 104.7191
 6778.620 94.42757
 6779.834 82.22894
 6781.049 80.68365
 6782.263 97.65253
 6783.478 105.3625
 6784.693 87.88548
 6785.907 68.46107
 6787.122 76.62436
 6788.336 88.60279
 6789.551 88.86715
 6790.765 85.70376
 6791.980 82.15658
 6793.194 88.47495
 6794.409 104.674
 6795.623 90.57829
 6796.838 70.89668
 6798.052 88.80231
 6799.267 92.50258
 6800.481 90.53146
 6801.696 98.08341
 6802.911 95.52559
 6804.125 87.68981
 6805.340 90.98379
 6806.554 81.74825
 6807.769 68.76881
 6808.983 82.16312
 6810.198 76.83139
 6811.412 80.01715
 6812.627 93.7002
 6813.841 93.28489
 6815.056 94.1789
 6816.270 94.45606
 6817.485 78.2586
 6818.699 103.6327
 6819.914 99.21136
 6821.129 88.92788
 6822.343 93.11946
 6823.558 93.14219
 6824.772 89.21158
 6825.987 87.99881
 6827.201 77.95009
 6828.416 69.39153
 6829.630 85.54334
 6830.845 91.69085
 6832.059 70.46879
 6833.274 66.62223
 6834.488 78.25073
 6835.703 86.17135
 6836.917 77.74219
 6838.132 66.89104
 6839.347 76.34978
 6840.561 77.86752
 6841.776 74.98402
 6842.990 77.81104
 6844.205 76.40551
 6845.419 83.62363
 6846.634 86.58555
 6847.848 76.15229
 6849.063 73.90826
 6850.277 85.89122
 6851.492 88.19532
 6852.706 78.76241
 6853.921 77.8209
 6855.136 78.17488
 6856.350 67.51759
 6857.565 67.20194
 6858.779 88.21203
 6859.994 86.8351
 6861.208 75.34445
 6862.423 75.49509
 6863.637 56.8718
 6864.852 65.57664
 6866.066 72.14526
 6867.281 63.71458
 6868.495 59.50198
 6869.710 74.43462
 6870.924 72.03584
 6872.139 63.65574
 6873.354 69.17175
 6874.568 66.66496
 6875.783 56.80083
 6876.997 57.38896
 6878.212 70.29071
 6879.426 92.7902
 6880.641 73.68879
 6881.855 63.33427
 6883.070 59.04663
 6884.284 70.11666
 6885.499 73.79562
 6886.713 58.1135
 6887.928 68.4766
 6889.142 83.22905
 6890.357 71.70455
 6891.572 62.52551
 6892.786 59.168
 6894.001 69.42417
 6895.215 76.27603
 6896.430 61.94076
 6897.644 66.2669
 6898.859 74.94658
 6900.073 62.44631
 6901.288 65.19698
 6902.502 62.8562
 6903.717 63.00025
 6904.931 60.66263
 6906.146 55.4643
 6907.361 64.39856
 6908.575 65.683
 6909.790 69.14021
 6911.004 69.08871
 6912.219 64.48586
 6913.433 67.64955
 6914.648 60.85552
 6915.862 58.07627
 6917.077 61.85549
 6918.291 66.62943
 6919.506 78.35706
 6920.720 71.42848
 6921.935 73.7733
 6923.149 77.08033
 6924.364 61.496
 6925.579 55.77163
 6926.793 70.36191
 6928.008 70.20914
 6929.222 60.2969
 6930.437 75.77812
 6931.651 65.27956
 6932.866 67.67894
 6934.080 58.42776
 6935.295 49.7657
 6936.509 61.41309
 6937.724 70.4069
 6938.938 64.4095
 6940.153 59.45307
 6941.367 60.20106
 6942.582 59.88497
 6943.797 58.67331
 6945.011 64.53388
 6946.226 45.09197
 6947.440 69.96568
 6948.655 72.71664
 6949.869 52.47799
 6951.084 56.91154
 6952.298 64.08138
 6953.513 66.19912
 6954.727 68.15636
 6955.942 57.86134
 6957.156 60.01275
 6958.371 55.27678
 6959.585 60.94551
 6960.800 69.55049
 6962.015 62.2316
 6963.229 60.05141
 6964.444 80.12171
 6965.658 76.69563
 6966.873 54.59703
 6968.087 75.15959
 6969.302 71.00355
 6970.516 81.16595
 6971.731 80.57472
 6972.945 61.99281
 6974.160 51.34782
 6975.374 47.59793
 6976.589 49.24017
 6977.804 57.0638
 6979.018 59.80927
 6980.233 59.69154
 6981.447 66.53948
 6982.662 64.1978
 6983.876 45.36343
 6985.091 46.57858
 6986.305 56.2962
 6987.520 58.6221
 6988.734 60.81718
 6989.949 51.93733
 6991.163 50.54716
 6992.378 62.48689
 6993.592 52.99239
 6994.807 66.69208
 6996.022 76.83858
 6997.236 73.37717
 6998.451 65.85579
 6999.665 66.10003
 7000.880 61.33927
 7002.094 48.16192
 7003.309 45.55868
 7004.523 56.05543
 7005.738 64.39784
 7006.952 67.85979
 7008.167 66.75657
 7009.381 78.13004
 7010.596 62.08274
 7011.810 51.17394
 7013.025 50.51911
 7014.240 49.7587
 7015.454 53.42553
 7016.669 61.45705
 7017.883 64.80271
 7019.098 60.70599
 7020.312 62.75045
 7021.527 72.1917
 7022.741 59.71016
 7023.956 51.85718
 7025.170 43.22393
 7026.385 46.48322
 7027.599 59.66655
 7028.814 60.76954
 7030.028 61.5688
 7031.243 62.6886
 7032.458 57.61275
 7033.672 72.25269
 7034.887 61.51946
 7036.101 61.30384
 7037.316 60.54551
 7038.530 53.04004
 7039.745 62.19078
 7040.959 66.86308
 7042.174 48.47612
 7043.388 47.9386
 7044.603 55.9821
 7045.817 49.65377
 7047.032 55.33556
 7048.247 56.03469
 7049.461 62.92665
 7050.676 67.25839
 7051.890 54.40116
 7053.105 58.94463
 7054.319 59.95953
 7055.534 48.15005
 7056.748 59.02478
 7057.963 61.82667
 7059.177 59.67165
 7060.392 62.51471
 7061.606 66.86325
 7062.821 68.44814
 7064.035 64.97515
 7065.250 72.58706
