#                      Published-Value                         |                      NED-Homogenized-Values                   
#      Spectral-axis           Intensity         Uncertainty   |          Spectral-axis           Intensity         Uncertainty
#         [Angstrom]      [erg/cm^2/s/A]      [erg/cm^2/s/A]   |                   [Hz]          [W/m^2/Hz]          [W/m^2/Hz]
             4200.11          1.7016e-15                                 7.13772875e+14      1.00128590e-29                    
             4202.09         1.74118e-15                                 7.13436549e+14      1.02554250e-29                    
             4204.07         1.79068e-15                                 7.13100541e+14      1.05569182e-29                    
             4206.05         1.85993e-15                                 7.12764848e+14      1.09755112e-29                    
             4208.03         1.90233e-15                                 7.12429472e+14      1.12362865e-29                    
             4210.01         1.90528e-15                                 7.12094411e+14      1.12643039e-29                    
             4211.99         1.87567e-15                                 7.11759665e+14      1.10996782e-29                    
             4213.97         1.88385e-15                                 7.11425233e+14      1.11585687e-29                    
             4215.95         1.88387e-15                                 7.11091116e+14      1.11691758e-29                    
             4217.93          1.9525e-15                                 7.10757312e+14      1.15869484e-29                    
             4219.91         1.96743e-15                                 7.10423822e+14      1.16865134e-29                    
             4221.89         1.91255e-15                                 7.10090644e+14      1.13711901e-29                    
             4223.87         1.79553e-15                                 7.09757779e+14      1.06854557e-29                    
             4225.85         1.64633e-15                                 7.09425226e+14      9.80673277e-30                    
             4227.83         1.69529e-15                                 7.09092984e+14      1.01078393e-29                    
             4229.81         1.76118e-15                                 7.08761053e+14      1.05105334e-29                    
             4231.79         1.84883e-15                                 7.08429433e+14      1.10439515e-29                    
             4233.78         1.89572e-15                                 7.08096450e+14      1.13347008e-29                    
             4235.76         1.90832e-15                                 7.07765452e+14      1.14207122e-29                    
             4237.74         1.94244e-15                                 7.07434762e+14      1.16357806e-29                    
             4239.72         2.01997e-15                                 7.07104382e+14      1.21115176e-29                    
              4241.7         2.03586e-15                                 7.06774310e+14      1.22181964e-29                    
             4243.68         2.13407e-15                                 7.06444546e+14      1.28195627e-29                    
             4245.66         2.13127e-15                                 7.06115089e+14      1.28146925e-29                    
             4247.64         2.06017e-15                                 7.05785940e+14      1.23987458e-29                    
             4249.62         1.99202e-15                                 7.05457097e+14      1.19997772e-29                    
              4251.6         1.94238e-15                                 7.05128561e+14      1.17116555e-29                    
             4253.58         1.93847e-15                                 7.04800331e+14      1.16989690e-29                    
             4255.56         1.94532e-15                                 7.04472406e+14      1.17512423e-29                    
             4257.54         1.93845e-15                                 7.04144785e+14      1.17206412e-29                    
             4259.52         1.94306e-15                                 7.03817470e+14      1.17594451e-29                    
              4261.5         1.99988e-15                                 7.03490459e+14      1.21145759e-29                    
             4263.48         2.06153e-15                                 7.03163751e+14      1.24996374e-29                    
             4265.46           2.092e-15                                 7.02837347e+14      1.26961698e-29                    
             4267.44         2.04105e-15                                 7.02511246e+14      1.23984611e-29                    
             4269.42         1.91295e-15                                 7.02185447e+14      1.16310969e-29                    
              4271.4         1.81796e-15                                 7.01859950e+14      1.10637946e-29                    
             4273.38         1.79837e-15                                 7.01534755e+14      1.09547222e-29                    
             4275.36         1.84434e-15                                 7.01209861e+14      1.12451605e-29                    
             4277.34         1.91923e-15                                 7.00885267e+14      1.17126149e-29                    
             4279.32         1.96962e-15                                 7.00560975e+14      1.20312643e-29                    
              4281.3         2.02174e-15                                 7.00236982e+14      1.23610658e-29                    
             4283.28         2.01499e-15                                 6.99913288e+14      1.23311937e-29                    
             4285.26         1.98626e-15                                 6.99589894e+14      1.21666144e-29                    
             4287.24          1.9408e-15                                 6.99266799e+14      1.18991426e-29                    
             4289.22         1.87408e-15                                 6.98944001e+14      1.15006944e-29                    
              4291.2         1.86095e-15                                 6.98621502e+14      1.14306654e-29                    
             4293.18         1.86126e-15                                 6.98299300e+14      1.14431221e-29                    
             4295.16         1.82165e-15                                 6.97977395e+14      1.12099306e-29                    
             4297.14         1.73468e-15                                 6.97655787e+14      1.06845853e-29                    
             4299.12         1.62973e-15                                 6.97334475e+14      1.00474092e-29                    
              4301.1         1.54629e-15                                 6.97013459e+14      9.54177829e-30                    
             4303.08         1.49268e-15                                 6.96692739e+14      9.21944650e-30                    
             4305.06          1.4456e-15                                 6.96372313e+14      8.93687845e-30                    
             4307.04         1.41527e-15                                 6.96052182e+14      8.75742457e-30                    
             4309.02         1.46948e-15                                 6.95732345e+14      9.10122798e-30                    
                4311         1.57439e-15                                 6.95412802e+14      9.75995157e-30                    
             4312.99         1.75462e-15                                 6.95091941e+14      1.08872770e-29                    
             4314.97          1.9745e-15                                 6.94772986e+14      1.22628663e-29                    
             4316.95         2.18803e-15                                 6.94454323e+14      1.36014937e-29                    
             4318.93          2.3088e-15                                 6.94135953e+14      1.43654071e-29                    
             4320.91         2.25093e-15                                 6.93817874e+14      1.40181830e-29                    
             4322.89         2.10413e-15                                 6.93500087e+14      1.31159645e-29                    
             4324.87         2.04588e-15                                 6.93182590e+14      1.27645517e-29                    
             4326.85         2.10445e-15                                 6.92865385e+14      1.31420037e-29                    
             4328.83         2.25466e-15                                 6.92548469e+14      1.40929339e-29                    
             4330.81         2.41577e-15                                 6.92231843e+14      1.51137815e-29                    
             4332.79         2.54372e-15                                 6.91915507e+14      1.59288301e-29                    
             4334.77         2.68535e-15                                 6.91599460e+14      1.68310926e-29                    
             4336.75         2.86632e-15                                 6.91283701e+14      1.79817826e-29                    
             4338.73         3.07296e-15                                 6.90968230e+14      1.92957405e-29                    
             4340.71         3.12319e-15                                 6.90653048e+14      1.96290483e-29                    
             4342.69         3.02589e-15                                 6.90338152e+14      1.90348776e-29                    
             4344.67         2.82167e-15                                 6.90023544e+14      1.77663865e-29                    
             4346.65         2.63581e-15                                 6.89709222e+14      1.66112662e-29                    
             4348.63         2.48386e-15                                 6.89395187e+14      1.56679192e-29                    
             4350.61         2.33716e-15                                 6.89081437e+14      1.47559796e-29                    
             4352.59         2.28659e-15                                 6.88767973e+14      1.44498425e-29                    
             4354.57         2.27056e-15                                 6.88454793e+14      1.43616001e-29                    
             4356.55         2.32242e-15                                 6.88141899e+14      1.47029833e-29                    
             4358.53         2.41937e-15                                 6.87829289e+14      1.53306887e-29                    
             4360.51         2.48675e-15                                 6.87516962e+14      1.57719719e-29                    
             4362.49         2.51579e-15                                 6.87204920e+14      1.59706492e-29                    
             4364.47         2.52677e-15                                 6.86893160e+14      1.60549158e-29                    
             4366.45         2.52412e-15                                 6.86581683e+14      1.60526329e-29                    
             4368.43         2.45003e-15                                 6.86270488e+14      1.55955774e-29                    
             4370.41         2.35295e-15                                 6.85959576e+14      1.49911985e-29                    
             4372.39         2.28895e-15                                 6.85648945e+14      1.45966564e-29                    
             4374.37          2.2283e-15                                 6.85338595e+14      1.42227633e-29                    
             4376.35         2.19939e-15                                 6.85028526e+14      1.40509483e-29                    
             4378.33         2.16226e-15                                 6.84718738e+14      1.38262432e-29                    
             4380.31         2.08974e-15                                 6.84409229e+14      1.33746136e-29                    
             4382.29         1.99957e-15                                 6.84100000e+14      1.28090858e-29                    
             4384.27         1.96701e-15                                 6.83791051e+14      1.26118979e-29                    
             4386.25         1.97932e-15                                 6.83482380e+14      1.27022913e-29                    
             4388.23         2.03923e-15                                 6.83173988e+14      1.30985816e-29                    
             4390.22         2.10177e-15                                 6.82864319e+14      1.35125418e-29                    
              4392.2         2.13127e-15                                 6.82556484e+14      1.37145632e-29                    
             4394.18         2.19163e-15                                 6.82248927e+14      1.41156934e-29                    
             4396.16         2.27239e-15                                 6.81941647e+14      1.46490393e-29                    
             4398.14         2.27287e-15                                 6.81634643e+14      1.46653351e-29                    
             4400.12         2.27512e-15                                 6.81327916e+14      1.46930733e-29                    
              4402.1         2.21408e-15                                 6.81021465e+14      1.43117391e-29                    
             4404.08         2.17804e-15                                 6.80715289e+14      1.40914455e-29                    
             4406.06          2.1874e-15                                 6.80409388e+14      1.41647305e-29                    
             4408.04         2.21742e-15                                 6.80103763e+14      1.43720364e-29                    
             4410.02         2.29905e-15                                 6.79798411e+14      1.49145045e-29                    
                4412         2.38296e-15                                 6.79493334e+14      1.54727338e-29                    
             4413.98         2.42142e-15                                 6.79188531e+14      1.57365723e-29                    
             4415.96         2.44334e-15                                 6.78884000e+14      1.58932773e-29                    
             4417.94         2.45282e-15                                 6.78579743e+14      1.59692529e-29                    
             4419.92         2.46746e-15                                 6.78275758e+14      1.60789703e-29                    
              4421.9         2.47606e-15                                 6.77972046e+14      1.61494707e-29                    
             4423.88         2.45714e-15                                 6.77668605e+14      1.60404250e-29                    
             4425.86         2.42299e-15                                 6.77365436e+14      1.58316529e-29                    
             4427.84         2.43873e-15                                 6.77062538e+14      1.59487575e-29                    
             4429.82         2.42467e-15                                 6.76759911e+14      1.58709927e-29                    
              4431.8         2.39779e-15                                 6.76457554e+14      1.57090798e-29                    
             4433.78         2.38697e-15                                 6.76155468e+14      1.56521692e-29                    
             4435.76         2.41433e-15                                 6.75853651e+14      1.58457210e-29                    
             4437.74         2.45522e-15                                 6.75552103e+14      1.61284791e-29                    
             4439.72         2.45765e-15                                 6.75250824e+14      1.61588515e-29                    
              4441.7         2.48799e-15                                 6.74949814e+14      1.63729286e-29                    
             4443.68         2.53015e-15                                 6.74649072e+14      1.66652225e-29                    
             4445.66         2.57452e-15                                 6.74348598e+14      1.69725874e-29                    
             4447.64          2.6045e-15                                 6.74048392e+14      1.71855292e-29                    
             4449.62         2.61678e-15                                 6.73748453e+14      1.72819344e-29                    
              4451.6         2.58178e-15                                 6.73448780e+14      1.70659628e-29                    
             4453.58         2.47507e-15                                 6.73149374e+14      1.63751504e-29                    
             4455.56         2.36719e-15                                 6.72850234e+14      1.56753413e-29                    
             4457.54         2.31653e-15                                 6.72551360e+14      1.53535116e-29                    
             4459.52         2.30417e-15                                 6.72252751e+14      1.52851619e-29                    
              4461.5         2.33894e-15                                 6.71954408e+14      1.55295964e-29                    
             4463.48         2.38942e-15                                 6.71656329e+14      1.58788474e-29                    
             4465.46         2.45312e-15                                 6.71358514e+14      1.63166311e-29                    
             4467.44         2.53166e-15                                 6.71060963e+14      1.68539667e-29                    
             4469.43         2.61358e-15                                 6.70762175e+14      1.74148353e-29                    
             4471.41         2.69093e-15                                 6.70465153e+14      1.79461247e-29                    
             4473.39         2.74066e-15                                 6.70168394e+14      1.82939708e-29                    
             4475.37         2.76241e-15                                 6.69871897e+14      1.84554791e-29                    
             4477.35         2.74826e-15                                 6.69575662e+14      1.83771940e-29                    
             4479.33          2.6905e-15                                 6.69279689e+14      1.80068774e-29                    
             4481.31         2.67816e-15                                 6.68983978e+14      1.79401384e-29                    
             4483.29         2.68851e-15                                 6.68688528e+14      1.80253877e-29                    
             4485.27         2.72653e-15                                 6.68393339e+14      1.82964468e-29                    
             4487.25         2.72323e-15                                 6.68098410e+14      1.82904398e-29                    
             4489.23         2.69911e-15                                 6.67803741e+14      1.81444409e-29                    
             4491.21         2.67334e-15                                 6.67509333e+14      1.79870613e-29                    
             4493.19         2.65295e-15                                 6.67215183e+14      1.78656132e-29                    
             4495.17           2.625e-15                                 6.66921293e+14      1.76929742e-29                    
             4497.15         2.64354e-15                                 6.66627662e+14      1.78336372e-29                    
             4499.13          2.6906e-15                                 6.66334289e+14      1.81670962e-29                    
             4501.11         2.75826e-15                                 6.66041174e+14      1.86403365e-29                    
             4503.09         2.83662e-15                                 6.65748317e+14      1.91867629e-29                    
             4505.07         2.90155e-15                                 6.65455718e+14      1.96432091e-29                    
             4507.05         2.93621e-15                                 6.65163375e+14      1.98953306e-29                    
             4509.03         2.90948e-15                                 6.64871289e+14      1.97315372e-29                    
             4511.01         2.88457e-15                                 6.64579460e+14      1.95797867e-29                    
             4512.99         2.87081e-15                                 6.64287887e+14      1.95034970e-29                    
             4514.97         2.84395e-15                                 6.63996569e+14      1.93379747e-29                    
             4516.95          2.8254e-15                                 6.63705507e+14      1.92286946e-29                    
             4518.93          2.8297e-15                                 6.63414700e+14      1.92748460e-29                    
             4520.91          2.8217e-15                                 6.63124148e+14      1.92371998e-29                    
             4522.89         2.76934e-15                                 6.62833850e+14      1.88967720e-29                    
             4524.87         2.66341e-15                                 6.62543806e+14      1.81898674e-29                    
             4526.85         2.56151e-15                                 6.62254015e+14      1.75092506e-29                    
             4528.83         2.48017e-15                                 6.61964479e+14      1.69680831e-29                    
             4530.81         2.46938e-15                                 6.61675195e+14      1.69090388e-29                    
             4532.79         2.51075e-15                                 6.61386164e+14      1.72073489e-29                    
             4534.77          2.5537e-15                                 6.61097385e+14      1.75169988e-29                    
             4536.75         2.57819e-15                                 6.60808859e+14      1.77004338e-29                    
             4538.73         2.65825e-15                                 6.60520584e+14      1.82660151e-29                    
             4540.71         2.71099e-15                                 6.60232561e+14      1.86446717e-29                    
             4542.69         2.72253e-15                                 6.59944788e+14      1.87403704e-29                    
             4544.67         2.71061e-15                                 6.59657267e+14      1.86745884e-29                    
             4546.65         2.68704e-15                                 6.59369995e+14      1.85283384e-29                    
             4548.64          2.6758e-15                                 6.59081525e+14      1.84669884e-29                    
             4550.62         2.69844e-15                                 6.58794755e+14      1.86394547e-29                    
              4552.6         2.72009e-15                                 6.58508235e+14      1.88053559e-29                    
             4554.58         2.75683e-15                                 6.58221963e+14      1.90759401e-29                    
             4556.56         2.82972e-15                                 6.57935941e+14      1.95973318e-29                    
             4558.54         2.91201e-15                                 6.57650167e+14      2.01847649e-29                    
             4560.52         2.95415e-15                                 6.57364640e+14      2.04946529e-29                    
              4562.5         2.95555e-15                                 6.57079362e+14      2.05221737e-29                    
             4564.48         2.96938e-15                                 6.56794331e+14      2.06361032e-29                    
             4566.46         2.96482e-15                                 6.56509548e+14      2.06222924e-29                    
             4568.44         2.96353e-15                                 6.56225011e+14      2.06311992e-29                    
             4570.42         2.97358e-15                                 6.55940721e+14      2.07191123e-29                    
              4572.4           2.952e-15                                 6.55656677e+14      2.05865741e-29                    
             4574.38         2.92673e-15                                 6.55372879e+14      2.04280274e-29                    
             4576.36         2.91215e-15                                 6.55089326e+14      2.03438618e-29                    
             4578.34         2.88096e-15                                 6.54806019e+14      2.01433921e-29                    
             4580.32         2.83478e-15                                 6.54522957e+14      1.98376533e-29                    
              4582.3         2.80817e-15                                 6.54240139e+14      1.96684315e-29                    
             4584.28         2.82049e-15                                 6.53957566e+14      1.97717964e-29                    
             4586.26         2.84862e-15                                 6.53675236e+14      1.99862427e-29                    
             4588.24         2.86314e-15                                 6.53393151e+14      2.01054655e-29                    
             4590.22         2.86067e-15                                 6.53111308e+14      2.01054620e-29                    
              4592.2         2.86543e-15                                 6.52829709e+14      2.01562941e-29                    
             4594.18         2.82717e-15                                 6.52548352e+14      1.99043148e-29                    
             4596.16          2.8083e-15                                 6.52267238e+14      1.97885090e-29                    
             4598.14         2.81273e-15                                 6.51986366e+14      1.98368048e-29                    
             4600.12         2.82609e-15                                 6.51705736e+14      1.99481950e-29                    
              4602.1          2.8455e-15                                 6.51425347e+14      2.01024961e-29                    
             4604.08         2.86188e-15                                 6.51145199e+14      2.02356163e-29                    
             4606.06         2.91584e-15                                 6.50865293e+14      2.06348903e-29                    
             4608.04         2.97298e-15                                 6.50585626e+14      2.10573523e-29                    
             4610.02         3.01249e-15                                 6.50306200e+14      2.13555385e-29                    
                4612         3.04993e-15                                 6.50027014e+14      2.16395270e-29                    
             4613.98         3.07554e-15                                 6.49748068e+14      2.18399726e-29                    
             4615.96         3.09282e-15                                 6.49469361e+14      2.19815348e-29                    
             4617.94         3.06528e-15                                 6.49190892e+14      2.18044942e-29                    
             4619.92         3.07033e-15                                 6.48912663e+14      2.18591495e-29                    
              4621.9         3.07659e-15                                 6.48634672e+14      2.19224964e-29                    
             4623.88         3.07141e-15                                 6.48356919e+14      2.19043413e-29                    
             4625.86         3.06359e-15                                 6.48079404e+14      2.18672871e-29                    
             4627.85         3.05328e-15                                 6.47800726e+14      2.18124513e-29                    
             4629.83         3.03696e-15                                 6.47523687e+14      2.17144311e-29                    
             4631.81         3.00164e-15                                 6.47246884e+14      2.14802519e-29                    
             4633.79         2.95094e-15                                 6.46970318e+14      2.11354924e-29                    
             4635.77         2.94875e-15                                 6.46693988e+14      2.11378596e-29                    
             4637.75         2.92347e-15                                 6.46417894e+14      2.09745477e-29                    
             4639.73         2.86579e-15                                 6.46142036e+14      2.05782801e-29                    
             4641.71          2.8329e-15                                 6.45866413e+14      2.03594736e-29                    
             4643.69         2.79664e-15                                 6.45591026e+14      2.01160311e-29                    
             4645.67         2.79761e-15                                 6.45315873e+14      2.01401722e-29                    
             4647.65         2.75983e-15                                 6.45040954e+14      1.98851310e-29                    
             4649.63         2.78912e-15                                 6.44766270e+14      2.01132978e-29                    
             4651.61         2.86427e-15                                 6.44491819e+14      2.06728255e-29                    
             4653.59         2.91831e-15                                 6.44217602e+14      2.10807934e-29                    
             4655.57         2.95588e-15                                 6.43943618e+14      2.13703589e-29                    
             4657.55         2.99851e-15                                 6.43669867e+14      2.16970079e-29                    
             4659.53         3.01421e-15                                 6.43396349e+14      2.18291600e-29                    
             4661.51         2.98616e-15                                 6.43123063e+14      2.16444028e-29                    
             4663.49         2.90026e-15                                 6.42850009e+14      2.10396411e-29                    
             4665.47         2.81062e-15                                 6.42577187e+14      2.04066741e-29                    
             4667.45         2.76278e-15                                 6.42304597e+14      2.00763587e-29                    
             4669.43         2.74301e-15                                 6.42032237e+14      1.99496106e-29                    
             4671.41         2.73854e-15                                 6.41760109e+14      1.99339955e-29                    
             4673.39         2.75236e-15                                 6.41488211e+14      2.00515792e-29                    
             4675.37         2.80511e-15                                 6.41216543e+14      2.04531952e-29                    
             4677.35         2.80843e-15                                 6.40945106e+14      2.04947505e-29                    
             4679.33           2.805e-15                                 6.40673898e+14      2.04870538e-29                    
             4681.31         2.82524e-15                                 6.40402919e+14      2.06523484e-29                    
             4683.29         2.84878e-15                                 6.40132170e+14      2.08420440e-29                    
             4685.27         2.88433e-15                                 6.39861649e+14      2.11199793e-29                    
             4687.25         2.90028e-15                                 6.39591357e+14      2.12547234e-29                    
             4689.23         2.88306e-15                                 6.39321294e+14      2.11463806e-29                    
             4691.21         2.87935e-15                                 6.39051458e+14      2.11370075e-29                    
             4693.19          2.8858e-15                                 6.38781850e+14      2.12022425e-29                    
             4695.17         2.85734e-15                                 6.38512469e+14      2.10108614e-29                    
             4697.15         2.82774e-15                                 6.38243316e+14      2.08107450e-29                    
             4699.13         2.80689e-15                                 6.37974389e+14      2.06747186e-29                    
             4701.11         2.75963e-15                                 6.37705689e+14      2.03437485e-29                    
             4703.09         2.74079e-15                                 6.37437215e+14      2.02218849e-29                    
             4705.07         2.76266e-15                                 6.37168967e+14      2.04004108e-29                    
             4707.06         2.76368e-15                                 6.36899591e+14      2.04252094e-29                    
             4709.04         2.77471e-15                                 6.36631795e+14      2.05239833e-29                    
             4711.02         2.81189e-15                                 6.36364225e+14      2.08164907e-29                    
                4713         2.86069e-15                                 6.36096879e+14      2.11955637e-29                    
             4714.98          2.9049e-15                                 6.35829757e+14      2.15412148e-29                    
             4716.96         2.95162e-15                                 6.35562860e+14      2.19060526e-29                    
             4718.94         2.98551e-15                                 6.35296187e+14      2.21761799e-29                    
             4720.92         3.03026e-15                                 6.35029738e+14      2.25274726e-29                    
              4722.9           3.032e-15                                 6.34763512e+14      2.25593193e-29                    
             4724.88         2.98615e-15                                 6.34497509e+14      2.22368097e-29                    
             4726.86         2.93257e-15                                 6.34231729e+14      2.18561247e-29                    
             4728.84          2.8946e-15                                 6.33966171e+14      2.15912155e-29                    
             4730.82         2.86337e-15                                 6.33700836e+14      2.13761561e-29                    
              4732.8         2.87672e-15                                 6.33435723e+14      2.14937994e-29                    
             4734.78         2.90784e-15                                 6.33170832e+14      2.17444992e-29                    
             4736.76         2.95425e-15                                 6.32906162e+14      2.21100284e-29                    
             4738.74         2.98569e-15                                 6.32641713e+14      2.23640147e-29                    
             4740.72          3.0291e-15                                 6.32377485e+14      2.27081375e-29                    
              4742.7         3.05851e-15                                 6.32113478e+14      2.29477710e-29                    
             4744.68          3.0891e-15                                 6.31849691e+14      2.31966418e-29                    
             4746.66         3.12398e-15                                 6.31586124e+14      2.34781454e-29                    
             4748.64          3.1372e-15                                 6.31322777e+14      2.35971739e-29                    
             4750.62         3.09845e-15                                 6.31059649e+14      2.33251461e-29                    
              4752.6          3.0723e-15                                 6.30796741e+14      2.31475719e-29                    
             4754.58         3.06609e-15                                 6.30534051e+14      2.31200363e-29                    
             4756.56         3.06163e-15                                 6.30271581e+14      2.31056376e-29                    
             4758.54         3.03096e-15                                 6.30009328e+14      2.28932235e-29                    
             4760.52         2.99532e-15                                 6.29747294e+14      2.26428614e-29                    
              4762.5         2.95847e-15                                 6.29485478e+14      2.23829045e-29                    
             4764.48         2.92798e-15                                 6.29223880e+14      2.21706495e-29                    
             4766.46         2.92973e-15                                 6.28962498e+14      2.22023425e-29                    
             4768.44         2.95356e-15                                 6.28701334e+14      2.24015329e-29                    
             4770.42         2.99835e-15                                 6.28440387e+14      2.27601361e-29                    
              4772.4          3.0413e-15                                 6.28179656e+14      2.31053329e-29                    
             4774.38         3.06296e-15                                 6.27919141e+14      2.32892007e-29                    
             4776.36         3.07489e-15                                 6.27658843e+14      2.33993064e-29                    
             4778.34         3.06073e-15                                 6.27398760e+14      2.33108662e-29                    
             4780.32         3.02885e-15                                 6.27138892e+14      2.30871859e-29                    
              4782.3         2.99496e-15                                 6.26879240e+14      2.28477771e-29                    
             4784.29         2.98242e-15                                 6.26618493e+14      2.27710518e-29                    
             4786.27         2.98319e-15                                 6.26359271e+14      2.27957873e-29                    
             4788.25         2.98836e-15                                 6.26100264e+14      2.28541905e-29                    
             4790.23          3.0246e-15                                 6.25841471e+14      2.31504786e-29                    
             4792.21         3.07573e-15                                 6.25582892e+14      2.35612965e-29                    
             4794.19         3.14266e-15                                 6.25324526e+14      2.40939040e-29                    
             4796.17         3.19955e-15                                 6.25066374e+14      2.45503299e-29                    
             4798.15         3.22692e-15                                 6.24808435e+14      2.47807893e-29                    
             4800.13         3.21734e-15                                 6.24550708e+14      2.47276162e-29                    
             4802.11         3.16524e-15                                 6.24293194e+14      2.43472630e-29                    
             4804.09         3.13714e-15                                 6.24035892e+14      2.41510193e-29                    
             4806.07         3.12417e-15                                 6.23778803e+14      2.40710002e-29                    
             4808.05         3.11036e-15                                 6.23521925e+14      2.39843472e-29                    
             4810.03         3.13823e-15                                 6.23265258e+14      2.42191911e-29                    
             4812.01         3.16251e-15                                 6.23008803e+14      2.44266688e-29                    
             4813.99         3.15415e-15                                 6.22752559e+14      2.43821503e-29                    
             4815.97         3.16213e-15                                 6.22496525e+14      2.44639489e-29                    
             4817.95         3.18446e-15                                 6.22240702e+14      2.46569679e-29                    
             4819.93         3.18086e-15                                 6.21985089e+14      2.46493409e-29                    
             4821.91         3.15975e-15                                 6.21729686e+14      2.45058752e-29                    
             4823.89         3.15717e-15                                 6.21474493e+14      2.45059788e-29                    
             4825.87         3.13433e-15                                 6.21219509e+14      2.43486704e-29                    
             4827.85         3.10688e-15                                 6.20964734e+14      2.41552374e-29                    
             4829.83           3.075e-15                                 6.20710168e+14      2.39269920e-29                    
             4831.81         3.07507e-15                                 6.20455811e+14      2.39471590e-29                    
             4833.79          3.0718e-15                                 6.20201662e+14      2.39413033e-29                    
             4835.77         3.07406e-15                                 6.19947721e+14      2.39785494e-29                    
             4837.75         3.06484e-15                                 6.19693988e+14      2.39262119e-29                    
             4839.73         3.06458e-15                                 6.19440463e+14      2.39437696e-29                    
             4841.71         3.09033e-15                                 6.19187145e+14      2.41647162e-29                    
             4843.69         3.10632e-15                                 6.18934034e+14      2.43096198e-29                    
             4845.67         3.15481e-15                                 6.18681130e+14      2.47092846e-29                    
             4847.65         3.21798e-15                                 6.18428432e+14      2.52246499e-29                    
             4849.63         3.26725e-15                                 6.18175941e+14      2.56317862e-29                    
             4851.61         3.37241e-15                                 6.17923656e+14      2.64783810e-29                    
             4853.59         3.59162e-15                                 6.17671577e+14      2.82225239e-29                    
             4855.57         3.89719e-15                                 6.17419704e+14      3.06486474e-29                    
             4857.55         4.36817e-15                                 6.17168035e+14      3.43805947e-29                    
             4859.53         4.79722e-15                                 6.16916572e+14      3.77883096e-29                    
             4861.51         4.95309e-15                                 6.16665314e+14      3.90479178e-29                    
              4863.5         4.71891e-15                                 6.16412993e+14      3.72322112e-29                    
             4865.48          4.2487e-15                                 6.16162144e+14      3.35495535e-29                    
             4867.46         3.78587e-15                                 6.15911500e+14      2.99191860e-29                    
             4869.44         3.40427e-15                                 6.15661060e+14      2.69253483e-29                    
             4871.42         3.16061e-15                                 6.15410823e+14      2.50185050e-29                    
              4873.4         3.08463e-15                                 6.15160789e+14      2.44369213e-29                    
             4875.38          3.0524e-15                                 6.14910959e+14      2.42012435e-29                    
             4877.36         3.08021e-15                                 6.14661331e+14      2.44415782e-29                    
             4879.34         3.08322e-15                                 6.14411906e+14      2.44853306e-29                    
             4881.32         3.09007e-15                                 6.14162683e+14      2.45596498e-29                    
              4883.3         3.08064e-15                                 6.13913663e+14      2.45045683e-29                    
             4885.28         3.03423e-15                                 6.13664844e+14      2.41549817e-29                    
             4887.26         2.99832e-15                                 6.13416227e+14      2.38884606e-29                    
             4889.24         3.00492e-15                                 6.13167811e+14      2.39604473e-29                    
             4891.22         3.01796e-15                                 6.12919597e+14      2.40839196e-29                    
              4893.2         3.08231e-15                                 6.12671583e+14      2.46173638e-29                    
             4895.18         3.16481e-15                                 6.12423770e+14      2.52967232e-29                    
             4897.16         3.23587e-15                                 6.12176157e+14      2.58856424e-29                    
             4899.14         3.27686e-15                                 6.11928745e+14      2.62347471e-29                    
             4901.12         3.27429e-15                                 6.11681532e+14      2.62353648e-29                    
              4903.1         3.24447e-15                                 6.11434519e+14      2.60174398e-29                    
             4905.08         3.24016e-15                                 6.11187705e+14      2.60038673e-29                    
             4907.06         3.21066e-15                                 6.10941091e+14      2.57879220e-29                    
             4909.04         3.18065e-15                                 6.10694676e+14      2.55675031e-29                    
             4911.02         3.15894e-15                                 6.10448459e+14      2.54134763e-29                    
                4913         3.14223e-15                                 6.10202440e+14      2.52994333e-29                    
             4914.98         3.10956e-15                                 6.09956620e+14      2.50565772e-29                    
             4916.96         3.06329e-15                                 6.09710998e+14      2.47036291e-29                    
             4918.94         3.01901e-15                                 6.09465574e+14      2.43661490e-29                    
             4920.92         2.99661e-15                                 6.09220347e+14      2.42048351e-29                    
              4922.9         3.01654e-15                                 6.08975317e+14      2.43854296e-29                    
             4924.88         3.08429e-15                                 6.08730485e+14      2.49531746e-29                    
             4926.86         3.16163e-15                                 6.08485849e+14      2.55994586e-29                    
             4928.84         3.22182e-15                                 6.08241410e+14      2.61077838e-29                    
             4930.82          3.2418e-15                                 6.07997167e+14      2.62908005e-29                    
              4932.8         3.21968e-15                                 6.07753120e+14      2.61323832e-29                    
             4934.78          3.1926e-15                                 6.07509269e+14      2.59333962e-29                    
             4936.76         3.16594e-15                                 6.07265613e+14      2.57374789e-29                    
             4938.74         3.16994e-15                                 6.07022153e+14      2.57906723e-29                    
             4940.72         3.19455e-15                                 6.06778889e+14      2.60117439e-29                    
             4942.71         3.23804e-15                                 6.06534591e+14      2.63871061e-29                    
             4944.69         3.32654e-15                                 6.06291717e+14      2.71300243e-29                    
             4946.67         3.44012e-15                                 6.06049037e+14      2.80788143e-29                    
             4948.65         3.55043e-15                                 6.05806551e+14      2.90023859e-29                    
             4950.63         3.61932e-15                                 6.05564259e+14      2.95887907e-29                    
             4952.61          3.6966e-15                                 6.05322161e+14      3.02447510e-29                    
             4954.59          3.8565e-15                                 6.05080257e+14      3.15782511e-29                    
             4956.57         4.05483e-15                                 6.04838546e+14      3.32287828e-29                    
             4958.55         4.17264e-15                                 6.04597027e+14      3.42215444e-29                    
             4960.53          4.0954e-15                                 6.04355702e+14      3.36148967e-29                    
             4962.51          3.9016e-15                                 6.04114569e+14      3.20497633e-29                    
             4964.49          3.6439e-15                                 6.03873629e+14      2.99567727e-29                    
             4966.47         3.41063e-15                                 6.03632880e+14      2.80614130e-29                    
             4968.45         3.28038e-15                                 6.03392324e+14      2.70112882e-29                    
             4970.43         3.23639e-15                                 6.03151959e+14      2.66703103e-29                    
             4972.41         3.21625e-15                                 6.02911785e+14      2.65254619e-29                    
             4974.39         3.19311e-15                                 6.02671803e+14      2.63555957e-29                    
             4976.37         3.14047e-15                                 6.02432012e+14      2.59417500e-29                    
             4978.35         3.05785e-15                                 6.02192411e+14      2.52793745e-29                    
             4980.33         3.01199e-15                                 6.01953001e+14      2.49200587e-29                    
             4982.31         2.96517e-15                                 6.01713781e+14      2.45521983e-29                    
             4984.29         2.96762e-15                                 6.01474752e+14      2.45920192e-29                    
             4986.27         3.01268e-15                                 6.01235912e+14      2.49852605e-29                    
             4988.25         3.09043e-15                                 6.00997262e+14      2.56504287e-29                    
             4990.23         3.14228e-15                                 6.00758801e+14      2.61014901e-29                    
             4992.21         3.21276e-15                                 6.00520529e+14      2.67081170e-29                    
             4994.19          3.2922e-15                                 6.00282446e+14      2.73902267e-29                    
             4996.17         3.44041e-15                                 6.00044552e+14      2.86459949e-29                    
             4998.15         3.66232e-15                                 5.99806847e+14      3.05178655e-29                    
             5000.13         4.05698e-15                                 5.99569329e+14      3.38333306e-29                    
             5002.11         4.66471e-15                                 5.99332000e+14      3.89323321e-29                    
             5004.09         5.42194e-15                                 5.99094858e+14      4.52881130e-29                    
             5006.07         5.95191e-15                                 5.98857905e+14      4.97541700e-29                    
             5008.05         5.90974e-15                                 5.98621138e+14      4.94407421e-29                    
             5010.03          5.3617e-15                                 5.98384559e+14      4.48913285e-29                    
             5012.01          4.6019e-15                                 5.98148166e+14      3.85602933e-29                    
             5013.99         3.93158e-15                                 5.97911960e+14      3.29695742e-29                    
             5015.97         3.44043e-15                                 5.97675941e+14      2.88736628e-29                    
             5017.95         3.14454e-15                                 5.97440108e+14      2.64112573e-29                    
             5019.93         3.01894e-15                                 5.97204461e+14      2.53763466e-29                    
             5021.92         2.98241e-15                                 5.96967811e+14      2.50891658e-29                    
              5023.9          2.9645e-15                                 5.96732536e+14      2.49581690e-29                    
             5025.88         2.96288e-15                                 5.96497447e+14      2.49641962e-29                    
             5027.86         2.99756e-15                                 5.96262543e+14      2.52763018e-29                    
             5029.84         3.01556e-15                                 5.96027824e+14      2.54481144e-29                    
             5031.82         3.05146e-15                                 5.95793290e+14      2.57713500e-29                    
              5033.8         3.01998e-15                                 5.95558940e+14      2.55255597e-29                    
             5035.78         2.98513e-15                                 5.95324774e+14      2.52508522e-29                    
             5037.76         2.91293e-15                                 5.95090792e+14      2.46595013e-29                    
             5039.74         2.86728e-15                                 5.94856995e+14      2.42921337e-29                    
             5041.72          2.8765e-15                                 5.94623381e+14      2.43894001e-29                    
              5043.7         2.92758e-15                                 5.94389950e+14      2.48420001e-29                    
             5045.68           2.974e-15                                 5.94156702e+14      2.52557149e-29                    
             5047.66          3.0021e-15                                 5.93923638e+14      2.55143575e-29                    
             5049.64         3.01278e-15                                 5.93690756e+14      2.56252168e-29                    
             5051.62         3.02422e-15                                 5.93458057e+14      2.57426957e-29                    
              5053.6         3.06227e-15                                 5.93225540e+14      2.60870218e-29                    
             5055.58         3.10708e-15                                 5.92993206e+14      2.64894965e-29                    
             5057.56         3.14054e-15                                 5.92761053e+14      2.67957373e-29                    
             5059.54         3.16141e-15                                 5.92529082e+14      2.69949287e-29                    
             5061.52         3.13329e-15                                 5.92297292e+14      2.67757597e-29                    
              5063.5         3.10503e-15                                 5.92065684e+14      2.65550255e-29                    
             5065.48         3.06339e-15                                 5.91834257e+14      2.62194027e-29                    
             5067.46         3.01869e-15                                 5.91603010e+14      2.58570198e-29                    
             5069.44         2.98025e-15                                 5.91371944e+14      2.55477093e-29                    
             5071.42         2.99773e-15                                 5.91141059e+14      2.57176313e-29                    
              5073.4         2.96165e-15                                 5.90910354e+14      2.54279434e-29                    
             5075.38         2.94372e-15                                 5.90679829e+14      2.52937325e-29                    
             5077.36         2.92155e-15                                 5.90449484e+14      2.51228284e-29                    
             5079.34         2.87188e-15                                 5.90219318e+14      2.47149737e-29                    
             5081.32         2.84734e-15                                 5.89989332e+14      2.45228937e-29                    
              5083.3         2.87318e-15                                 5.89759524e+14      2.47647308e-29                    
             5085.28         2.89508e-15                                 5.89529896e+14      2.49729360e-29                    
             5087.26         2.93965e-15                                 5.89300447e+14      2.53771466e-29                    
             5089.24          3.0142e-15                                 5.89071176e+14      2.60409740e-29                    
             5091.22         3.06197e-15                                 5.88842083e+14      2.64742676e-29                    
              5093.2         3.03815e-15                                 5.88613169e+14      2.62887519e-29                    
             5095.18         2.99504e-15                                 5.88384432e+14      2.59358797e-29                    
             5097.16         2.96457e-15                                 5.88155873e+14      2.56919777e-29                    
             5099.14         2.93879e-15                                 5.87927492e+14      2.54883498e-29                    
             5101.12         2.91336e-15                                 5.87699288e+14      2.52874203e-29                    
             5103.11         2.90156e-15                                 5.87470109e+14      2.52046522e-29                    
             5105.09         2.89966e-15                                 5.87242260e+14      2.52076974e-29                    
             5107.07         2.89366e-15                                 5.87014588e+14      2.51750543e-29                    
             5109.05         2.89902e-15                                 5.86787092e+14      2.52412473e-29                    
             5111.03         2.93073e-15                                 5.86559772e+14      2.55371228e-29                    
             5113.01         2.98013e-15                                 5.86332628e+14      2.59876966e-29                    
             5114.99          2.9958e-15                                 5.86105660e+14      2.61445811e-29                    
             5116.97          3.0242e-15                                 5.85878868e+14      2.64128670e-29                    
             5118.95         3.01604e-15                                 5.85652251e+14      2.63619885e-29                    
             5120.93         2.96958e-15                                 5.85425809e+14      2.59759837e-29                    
             5122.91         2.89967e-15                                 5.85199543e+14      2.53840738e-29                    
             5124.89         2.85178e-15                                 5.84973451e+14      2.49841403e-29                    
             5126.87         2.82394e-15                                 5.84747534e+14      2.47593575e-29                    
             5128.85         2.83081e-15                                 5.84521791e+14      2.48387657e-29                    
             5130.83         2.86995e-15                                 5.84296223e+14      2.52016442e-29                    
             5132.81         2.90905e-15                                 5.84070829e+14      2.55647092e-29                    
             5134.79         2.92476e-15                                 5.83845608e+14      2.57226022e-29                    
             5136.77         2.91947e-15                                 5.83620561e+14      2.56958834e-29                    
             5138.75         2.91356e-15                                 5.83395688e+14      2.56636391e-29                    
             5140.73         2.91662e-15                                 5.83170987e+14      2.57103940e-29                    
             5142.71          2.8665e-15                                 5.82946460e+14      2.52880482e-29                    
             5144.69         2.84553e-15                                 5.82722106e+14      2.51223860e-29                    
             5146.67         2.85028e-15                                 5.82497924e+14      2.51836958e-29                    
             5148.65         2.81702e-15                                 5.82273915e+14      2.49089812e-29                    
             5150.63         2.82353e-15                                 5.82050077e+14      2.49857510e-29                    
             5152.61         2.87528e-15                                 5.81826412e+14      2.54632587e-29                    
             5154.59         2.91373e-15                                 5.81602919e+14      2.58236040e-29                    
             5156.57         2.96441e-15                                 5.81379597e+14      2.62929551e-29                    
             5158.55         2.99398e-15                                 5.81156447e+14      2.65756244e-29                    
             5160.53         2.97445e-15                                 5.80933468e+14      2.64225410e-29                    
             5162.51         2.86602e-15                                 5.80710660e+14      2.54788794e-29                    
             5164.49         2.70282e-15                                 5.80488023e+14      2.40464683e-29                    
             5166.47         2.52664e-15                                 5.80265557e+14      2.24962684e-29                    
             5168.45         2.37674e-15                                 5.80043261e+14      2.11778373e-29                    
             5170.43         2.28645e-15                                 5.79821135e+14      2.03889250e-29                    
             5172.41          2.2755e-15                                 5.79599179e+14      2.03068247e-29                    
             5174.39         2.36339e-15                                 5.79377393e+14      2.11073157e-29                    
             5176.37         2.44884e-15                                 5.79155777e+14      2.18872061e-29                    
             5178.35         2.50124e-15                                 5.78934330e+14      2.23726517e-29                    
             5180.33         2.50627e-15                                 5.78713053e+14      2.24347897e-29                    
             5182.32         2.47389e-15                                 5.78490828e+14      2.21619582e-29                    
              5184.3         2.47646e-15                                 5.78269890e+14      2.22019368e-29                    
             5186.28         2.59179e-15                                 5.78049120e+14      2.32536443e-29                    
             5188.26          2.7444e-15                                 5.77828519e+14      2.46416718e-29                    
             5190.24         2.92025e-15                                 5.77608086e+14      2.62406270e-29                    
             5192.22         3.09946e-15                                 5.77387821e+14      2.78722162e-29                    
              5194.2         3.27766e-15                                 5.77167724e+14      2.94971822e-29                    
             5196.18         3.46003e-15                                 5.76947794e+14      3.11621585e-29                    
             5198.16         3.62314e-15                                 5.76728033e+14      3.26560533e-29                    
             5200.14         3.65563e-15                                 5.76508438e+14      3.29739974e-29                    
