       1140.17   7.60710e-13
       1140.76   7.72630e-13
       1141.34   8.00640e-13
       1141.93   8.00420e-13
       1142.51   8.20620e-13
       1143.09   8.22980e-13
       1143.68   8.36380e-13
       1144.26   8.39220e-13
       1144.84   8.47570e-13
       1145.43   8.60830e-13
       1146.01   8.84620e-13
       1146.60   8.78720e-13
       1147.18   8.95010e-13
       1147.76   8.98010e-13
       1148.35   9.03370e-13
       1148.93   8.88110e-13
       1149.51   8.81240e-13
       1150.10   8.94440e-13
       1150.68   8.84310e-13
       1151.27   8.84270e-13
       1151.85   8.79570e-13
       1152.43   8.95030e-13
       1153.02   8.98830e-13
       1153.60   8.98000e-13
       1154.18   8.94310e-13
       1154.77   8.98820e-13
       1155.35   9.08330e-13
       1155.94   8.96180e-13
       1156.52   9.06230e-13
       1157.10   9.12870e-13
       1157.69   9.00530e-13
       1158.27   9.00470e-13
       1158.85   9.01940e-13
       1159.44   9.09240e-13
       1160.02   9.23630e-13
       1160.61   9.26240e-13
       1161.19   9.20750e-13
       1161.77   9.18450e-13
       1162.36   9.14660e-13
       1162.94   9.15000e-13
       1163.52   9.13080e-13
       1164.11   9.10350e-13
       1164.69   9.01450e-13
       1165.28   8.89130e-13
       1165.86   8.86790e-13
       1166.44   8.94450e-13
       1167.03   8.92630e-13
       1167.61   8.92930e-13
       1168.19   8.98960e-13
       1168.78   9.00480e-13
       1169.36   8.87910e-13
       1169.94   8.74490e-13
       1170.53   8.85840e-13
       1171.11   8.83700e-13
       1171.70   8.88520e-13
       1172.28   8.88770e-13
       1172.86   8.80660e-13
       1173.45   8.79330e-13
       1174.03   8.83140e-13
       1174.61   8.77790e-13
       1175.20   8.77060e-13
       1175.78   8.72520e-13
       1176.37   8.74270e-13
       1176.95   8.69950e-13
       1177.53   8.67850e-13
       1178.12   8.68010e-13
       1178.70   8.64430e-13
       1179.28   8.57900e-13
       1179.87   8.57080e-13
       1180.45   8.59440e-13
       1181.04   8.56570e-13
       1181.62   8.50540e-13
       1182.20   8.44310e-13
       1182.79   8.42700e-13
       1183.37   8.40190e-13
       1183.95   8.36180e-13
       1184.54   8.41510e-13
       1185.12   8.42040e-13
       1185.70   8.36140e-13
       1186.29   8.24370e-13
       1186.87   8.20660e-13
       1187.46   8.28670e-13
       1188.04   8.25730e-13
       1188.62   8.28230e-13
       1189.21   8.27810e-13
       1189.79   8.13740e-13
       1190.37   7.98620e-13
       1190.96   7.95910e-13
       1191.54   8.02090e-13
       1192.12   8.02340e-13
       1192.71   7.92260e-13
       1193.29   7.80750e-13
       1193.88   7.80740e-13
       1194.46   7.81620e-13
       1195.04   7.76700e-13
       1195.63   7.76840e-13
       1196.21   7.73700e-13
       1196.79   7.72110e-13
       1197.38   7.59620e-13
       1197.96   7.49460e-13
       1198.55   7.41650e-13
       1199.13   7.20120e-13
       1199.71   6.94160e-13
       1200.30   6.82460e-13
       1200.88   6.81840e-13
       1201.46   6.90810e-13
       1202.05   6.92150e-13
       1202.63   6.90140e-13
       1203.21   6.85090e-13
       1203.80   6.78920e-13
       1204.38   6.62140e-13
       1204.96   6.43510e-13
       1205.55   6.25030e-13
       1206.13   6.11070e-13
       1206.72   5.99910e-13
       1207.30   5.83970e-13
       1207.88   5.65800e-13
       1208.47   5.41960e-13
       1209.05   5.21590e-13
       1209.63   4.99010e-13
       1210.22   4.74780e-13
       1210.80   4.44990e-13
       1211.38   4.16920e-13
       1211.97   3.89260e-13
       1212.55   3.58900e-13
       1213.14   3.24320e-13
       1213.72   2.84240e-13
       1214.30   2.41210e-13
       1214.89   1.98990e-13
       1215.47   1.69050e-13
       1216.05   1.64930e-13
       1216.64   1.87010e-13
       1217.22   2.23720e-13
       1217.80   2.61000e-13
       1218.39   2.96690e-13
       1218.97   3.33620e-13
       1219.56   3.63880e-13
       1220.14   3.94420e-13
       1220.72   4.20630e-13
       1221.31   4.45000e-13
       1221.89   4.61940e-13
       1222.47   4.83560e-13
       1223.06   5.06830e-13
       1223.64   5.25910e-13
       1224.22   5.47220e-13
       1224.81   5.62390e-13
       1225.39   5.74810e-13
       1225.97   5.87570e-13
       1226.56   5.98110e-13
       1227.14   6.11560e-13
       1227.73   6.22400e-13
       1228.31   6.33180e-13
       1228.89   6.39050e-13
       1229.48   6.50650e-13
       1230.06   6.55990e-13
       1230.64   6.65340e-13
       1231.23   6.71420e-13
       1231.81   6.76960e-13
       1232.39   6.85280e-13
       1232.98   6.91420e-13
       1233.56   6.93210e-13
       1234.14   6.94090e-13
       1234.73   6.99510e-13
       1235.31   7.02600e-13
       1235.89   7.12750e-13
       1236.48   7.15960e-13
       1237.06   7.15950e-13
       1237.65   7.15150e-13
       1238.23   7.20250e-13
       1238.81   7.22380e-13
       1239.40   7.19780e-13
       1239.98   7.19070e-13
       1240.56   7.23620e-13
       1241.15   7.22260e-13
       1241.73   7.19740e-13
       1242.31   7.20460e-13
       1242.90   7.26010e-13
       1243.48   7.22490e-13
       1244.06   7.20160e-13
       1244.65   7.22070e-13
       1245.23   7.21150e-13
       1245.81   7.19640e-13
       1246.40   7.22700e-13
       1246.98   7.17070e-13
       1247.57   7.16110e-13
       1248.15   7.19540e-13
       1248.73   7.16360e-13
       1249.32   7.14240e-13
       1249.90   7.11200e-13
       1250.48   7.16320e-13
       1251.07   7.16010e-13
       1251.65   7.13400e-13
       1252.23   7.13700e-13
       1252.82   7.17500e-13
       1253.40   7.13650e-13
       1253.98   7.06720e-13
       1254.57   7.08530e-13
       1255.15   7.11570e-13
       1255.73   7.11880e-13
       1256.32   7.12070e-13
       1256.90   7.04290e-13
       1257.49   7.06840e-13
       1258.07   7.06360e-13
       1258.65   7.05470e-13
       1259.24   6.90560e-13
       1259.82   6.83880e-13
       1260.40   6.75860e-13
       1260.99   6.83730e-13
       1261.57   6.85390e-13
       1262.15   6.90550e-13
       1262.74   6.95270e-13
       1263.32   6.98090e-13
       1263.90   7.00420e-13
       1264.49   6.99750e-13
       1265.07   6.96570e-13
       1265.65   6.95990e-13
       1266.24   6.95390e-13
       1266.82   6.95480e-13
       1267.40   6.92250e-13
       1267.99   6.98170e-13
       1268.57   6.93970e-13
       1269.15   6.98580e-13
       1269.74   6.92930e-13
       1270.32   6.93680e-13
       1270.91   6.92610e-13
       1271.49   6.89840e-13
       1272.07   6.86470e-13
       1272.66   6.84990e-13
       1273.24   6.83650e-13
       1273.82   6.81860e-13
       1274.41   6.83450e-13
       1274.99   6.81380e-13
       1275.57   6.78470e-13
       1276.16   6.76450e-13
       1276.74   6.75230e-13
       1277.32   6.74490e-13
       1277.91   6.74950e-13
       1278.49   6.77870e-13
       1279.07   6.75360e-13
       1279.66   6.75840e-13
       1280.24   6.75410e-13
       1280.82   6.71460e-13
       1281.41   6.72970e-13
       1281.99   6.67670e-13
       1282.57   6.70000e-13
       1283.16   6.71760e-13
       1283.74   6.71150e-13
       1284.32   6.71320e-13
       1284.91   6.67330e-13
       1285.49   6.66190e-13
       1286.07   6.68120e-13
       1286.66   6.63260e-13
       1287.24   6.60830e-13
       1287.82   6.65200e-13
       1288.41   6.62450e-13
       1288.99   6.57340e-13
       1289.57   6.57810e-13
       1290.16   6.59810e-13
       1290.74   6.56900e-13
       1291.33   6.56950e-13
       1291.91   6.52010e-13
       1292.49   6.54210e-13
       1293.08   6.55210e-13
       1293.66   6.51070e-13
       1294.24   6.48870e-13
       1294.83   6.51630e-13
       1295.41   6.43870e-13
       1295.99   6.50250e-13
       1296.58   6.46010e-13
       1297.16   6.47900e-13
       1297.74   6.46200e-13
       1298.33   6.45040e-13
       1298.91   6.42190e-13
       1299.49   6.44420e-13
       1300.08   6.40310e-13
       1300.66   6.38730e-13
       1301.24   6.31000e-13
       1301.83   6.20620e-13
       1302.41   6.13370e-13
       1302.99   6.22980e-13
       1303.58   6.23580e-13
       1304.16   6.23090e-13
       1304.74   6.19210e-13
       1305.33   6.24640e-13
       1305.91   6.25820e-13
       1306.49   6.30410e-13
       1307.08   6.30810e-13
       1307.66   6.31890e-13
       1308.24   6.30180e-13
       1308.83   6.29070e-13
       1309.41   6.27200e-13
       1309.99   6.29560e-13
       1310.58   6.28600e-13
       1311.16   6.25910e-13
       1311.74   6.27170e-13
       1312.33   6.29080e-13
       1312.91   6.26470e-13
       1313.49   6.28590e-13
       1314.08   6.22950e-13
       1314.66   6.19660e-13
       1315.24   6.22710e-13
       1315.83   6.20190e-13
       1316.41   6.17410e-13
       1316.99   6.18030e-13
       1317.58   6.16090e-13
       1318.16   6.16410e-13
       1318.74   6.18320e-13
       1319.33   6.14880e-13
       1319.91   6.13300e-13
       1320.49   6.11000e-13
       1321.08   6.10150e-13
       1321.66   6.09910e-13
       1322.24   6.08060e-13
       1322.83   6.09590e-13
       1323.41   6.07200e-13
       1323.99   6.06200e-13
       1324.58   6.03920e-13
       1325.16   6.02600e-13
       1325.74   6.05170e-13
       1326.33   6.05140e-13
       1326.91   6.00510e-13
       1327.49   5.98570e-13
       1328.08   5.98760e-13
       1328.66   5.97020e-13
       1329.24   5.97180e-13
       1329.83   5.93000e-13
       1330.41   5.94090e-13
       1330.99   5.91940e-13
       1331.58   5.90450e-13
       1332.16   5.87920e-13
       1332.74   5.85900e-13
       1333.33   5.82580e-13
       1333.91   5.73560e-13
       1334.49   5.62730e-13
       1335.08   5.62730e-13
       1335.66   5.71530e-13
       1336.24   5.75090e-13
       1336.83   5.83370e-13
       1337.41   5.83570e-13
       1337.99   5.82230e-13
       1338.58   5.83080e-13
       1339.16   5.79700e-13
       1339.74   5.78590e-13
       1340.33   5.79240e-13
       1340.91   5.77090e-13
       1341.49   5.77440e-13
       1342.08   5.78880e-13
       1342.66   5.82450e-13
       1343.24   5.76080e-13
       1343.83   5.80960e-13
       1344.41   5.81450e-13
       1344.99   5.84200e-13
       1345.58   5.84830e-13
       1346.16   5.85200e-13
       1346.74   5.84100e-13
       1347.33   5.83670e-13
       1347.91   5.81140e-13
       1348.49   5.82530e-13
       1349.08   5.79120e-13
       1349.66   5.80720e-13
       1350.24   5.78230e-13
       1350.83   5.76460e-13
       1351.41   5.77640e-13
       1351.99   5.78630e-13
       1352.57   5.72670e-13
       1353.16   5.73400e-13
       1353.74   5.74180e-13
       1354.32   5.74900e-13
       1354.91   5.72830e-13
       1355.49   5.68620e-13
       1356.07   5.64860e-13
       1356.66   5.66420e-13
       1357.24   5.67510e-13
       1357.82   5.63580e-13
       1358.41   5.58750e-13
       1358.99   5.56400e-13
       1359.57   5.57910e-13
       1360.16   5.57050e-13
       1360.74   5.54980e-13
       1361.32   5.53680e-13
       1361.91   5.58320e-13
       1362.49   5.55560e-13
       1363.07   5.55210e-13
       1363.66   5.52880e-13
       1364.24   5.53210e-13
       1364.82   5.50970e-13
       1365.41   5.53450e-13
       1365.99   5.51590e-13
       1366.57   5.50870e-13
       1367.16   5.50220e-13
       1367.74   5.45550e-13
       1368.32   5.46600e-13
       1368.91   5.46670e-13
       1369.49   5.45740e-13
       1370.07   5.44150e-13
       1370.66   5.44310e-13
       1371.24   5.43860e-13
       1371.82   5.47640e-13
       1372.40   5.41150e-13
       1372.99   5.38800e-13
       1373.57   5.39770e-13
       1374.15   5.41730e-13
       1374.74   5.35470e-13
       1375.32   5.34570e-13
       1375.90   5.34580e-13
       1376.49   5.36110e-13
       1377.07   5.32850e-13
       1377.65   5.31480e-13
       1378.24   5.29510e-13
       1378.82   5.30500e-13
       1379.40   5.28720e-13
       1379.99   5.28500e-13
       1380.57   5.26760e-13
       1381.15   5.29510e-13
       1381.74   5.30520e-13
       1382.32   5.28460e-13
       1382.90   5.30740e-13
       1383.49   5.29010e-13
       1384.07   5.29280e-13
       1384.65   5.28430e-13
       1385.23   5.27790e-13
       1385.82   5.27240e-13
       1386.40   5.27870e-13
       1386.98   5.29050e-13
       1387.57   5.28190e-13
       1388.15   5.24610e-13
       1388.73   5.27100e-13
       1389.32   5.24240e-13
       1389.90   5.21190e-13
       1390.48   5.20670e-13
       1391.07   5.19690e-13
       1391.65   5.17260e-13
       1392.23   5.17120e-13
       1392.82   5.17560e-13
       1393.40   5.20350e-13
       1393.98   5.16730e-13
       1394.57   5.15230e-13
       1395.15   5.16820e-13
       1395.73   5.16790e-13
       1396.32   5.13830e-13
       1396.90   5.13820e-13
       1397.48   5.11240e-13
       1398.06   5.10810e-13
       1398.65   5.07960e-13
       1399.23   5.05530e-13
       1399.81   5.05250e-13
       1400.40   5.04870e-13
       1400.98   5.05540e-13
       1401.56   5.03420e-13
       1402.15   5.01840e-13
       1402.73   5.01780e-13
       1403.31   5.06890e-13
       1403.90   5.01170e-13
       1404.48   4.99590e-13
       1405.06   4.97210e-13
       1405.65   4.99340e-13
       1406.23   5.01040e-13
       1406.81   5.01410e-13
       1407.39   4.99100e-13
       1407.98   5.00650e-13
       1408.56   5.02600e-13
       1409.14   4.96580e-13
       1409.73   4.94500e-13
       1410.31   4.98170e-13
       1410.89   4.96890e-13
       1411.48   4.95760e-13
       1412.06   4.95040e-13
       1412.64   4.92800e-13
       1413.23   4.91070e-13
       1413.81   4.95120e-13
       1414.39   4.93410e-13
       1414.98   4.93440e-13
       1415.56   4.90930e-13
       1416.14   4.92410e-13
       1416.72   4.95170e-13
       1417.31   4.93250e-13
       1417.89   4.89710e-13
       1418.47   4.91930e-13
       1419.06   4.90160e-13
       1419.64   4.86890e-13
       1420.22   4.86590e-13
       1420.81   4.81410e-13
       1421.39   4.81450e-13
       1421.97   4.79630e-13
       1422.56   4.79300e-13
       1423.14   4.80230e-13
       1423.72   4.79630e-13
       1424.30   4.82680e-13
       1424.89   4.82110e-13
       1425.47   4.80780e-13
       1426.05   4.80550e-13
       1426.64   4.80140e-13
       1427.22   4.79930e-13
       1427.80   4.77240e-13
       1428.39   4.78540e-13
       1428.97   4.78790e-13
       1429.55   4.75620e-13
       1430.14   4.74710e-13
       1430.72   4.75250e-13
       1431.30   4.73680e-13
       1431.88   4.75400e-13
       1432.47   4.73940e-13
       1433.05   4.73730e-13
       1433.63   4.73300e-13
       1434.22   4.71490e-13
       1434.80   4.73290e-13
       1435.38   4.72420e-13
       1435.97   4.67970e-13
       1436.55   4.70300e-13
       1437.13   4.67060e-13
       1437.71   4.69980e-13
       1438.30   4.69670e-13
       1438.88   4.65270e-13
       1439.46   4.67190e-13
       1440.05   4.68120e-13
       1440.63   4.63840e-13
       1441.21   4.65340e-13
       1441.80   4.63390e-13
       1442.38   4.65400e-13
       1442.96   4.62930e-13
       1443.55   4.61210e-13
       1444.13   4.62860e-13
       1444.71   4.62030e-13
       1445.29   4.58910e-13
       1445.88   4.57950e-13
       1446.46   4.57760e-13
       1447.04   4.52990e-13
       1447.63   4.51450e-13
       1448.21   4.53690e-13
       1448.79   4.56090e-13
       1449.38   4.53610e-13
       1449.96   4.49530e-13
       1450.54   4.46130e-13
       1451.12   4.50350e-13
       1451.71   4.51060e-13
       1452.29   4.49050e-13
       1452.87   4.49260e-13
       1453.46   4.51920e-13
       1454.04   4.49110e-13
       1454.62   4.49420e-13
       1455.21   4.47930e-13
       1455.79   4.48830e-13
       1456.37   4.49850e-13
       1456.95   4.49630e-13
       1457.54   4.51430e-13
       1458.12   4.50740e-13
       1458.70   4.50710e-13
       1459.29   4.46120e-13
       1459.87   4.45870e-13
       1460.45   4.44040e-13
       1461.04   4.41910e-13
       1461.62   4.43970e-13
       1462.20   4.44490e-13
       1462.78   4.42420e-13
       1463.37   4.42000e-13
       1463.95   4.43350e-13
       1464.53   4.40710e-13
       1465.12   4.37110e-13
       1465.70   4.38600e-13
       1466.28   4.35790e-13
       1466.87   4.37680e-13
       1467.45   4.40900e-13
       1468.03   4.37900e-13
       1468.61   4.32040e-13
       1469.20   4.32980e-13
       1469.78   4.30430e-13
       1470.36   4.31390e-13
       1470.95   4.30380e-13
       1471.53   4.28740e-13
       1472.11   4.31610e-13
       1472.69   4.33570e-13
       1473.28   4.29500e-13
       1473.86   4.23780e-13
       1474.44   4.29160e-13
       1475.03   4.27580e-13
       1475.61   4.27380e-13
       1476.19   4.25730e-13
       1476.78   4.24560e-13
       1477.36   4.26610e-13
       1477.94   4.25690e-13
       1478.52   4.28720e-13
       1479.11   4.26590e-13
       1479.69   4.23840e-13
       1480.27   4.20760e-13
       1480.86   4.19300e-13
       1481.44   4.20890e-13
       1482.02   4.19010e-13
       1482.61   4.19570e-13
       1483.19   4.20770e-13
       1483.77   4.20390e-13
       1484.35   4.18470e-13
       1484.94   4.17560e-13
       1485.52   4.18390e-13
       1486.10   4.20740e-13
       1486.69   4.17210e-13
       1487.27   4.13690e-13
       1487.85   4.11610e-13
       1488.43   4.14430e-13
       1489.02   4.12460e-13
       1489.60   4.12440e-13
       1490.18   4.12130e-13
       1490.77   4.15420e-13
       1491.35   4.14100e-13
       1491.93   4.12780e-13
       1492.51   4.12170e-13
       1493.10   4.12750e-13
       1493.68   4.15530e-13
       1494.26   4.14400e-13
       1494.85   4.12050e-13
       1495.43   4.10470e-13
       1496.01   4.11380e-13
       1496.60   4.14000e-13
       1497.18   4.06180e-13
       1497.76   4.08010e-13
       1498.34   4.10610e-13
       1498.93   4.11380e-13
       1499.51   4.07870e-13
       1500.09   4.06460e-13
       1500.68   4.09770e-13
       1501.26   4.09380e-13
       1501.84   4.08400e-13
       1502.42   4.02980e-13
       1503.01   4.06700e-13
       1503.59   4.06820e-13
       1504.17   4.04550e-13
       1504.76   4.05090e-13
       1505.34   4.05460e-13
       1505.92   4.03110e-13
       1506.50   4.02750e-13
       1507.09   4.02130e-13
       1507.67   4.03630e-13
       1508.25   4.04180e-13
       1508.84   4.02390e-13
       1509.42   3.99190e-13
       1510.00   3.96230e-13
       1510.58   3.98960e-13
       1511.17   4.00700e-13
       1511.75   4.00990e-13
       1512.33   3.97920e-13
       1512.92   3.97220e-13
       1513.50   3.95090e-13
       1514.08   3.99900e-13
       1514.66   3.93970e-13
       1515.25   3.93170e-13
       1515.83   3.93280e-13
       1516.41   3.89550e-13
       1517.00   3.91730e-13
       1517.58   3.88250e-13
       1518.16   3.86810e-13
       1518.74   3.86380e-13
       1519.33   3.86460e-13
       1519.91   3.87860e-13
       1520.49   3.86370e-13
       1521.08   3.85120e-13
       1521.66   3.82880e-13
       1522.24   3.83280e-13
       1522.82   3.85200e-13
       1523.41   3.85380e-13
       1523.99   3.83640e-13
       1524.57   3.82200e-13
       1525.16   3.85910e-13
       1525.74   3.81200e-13
       1526.32   3.70170e-13
       1526.90   3.69220e-13
       1527.49   3.75070e-13
       1528.07   3.78500e-13
       1528.65   3.78960e-13
       1529.24   3.80370e-13
       1529.82   3.77970e-13
       1530.40   3.82770e-13
       1530.98   3.85060e-13
       1531.57   3.77070e-13
       1532.15   3.78650e-13
       1532.73   3.79350e-13
       1533.31   3.75810e-13
       1533.90   3.74600e-13
       1534.48   3.79660e-13
       1535.06   3.79080e-13
       1535.65   3.75880e-13
       1536.23   3.74930e-13
       1536.81   3.71880e-13
       1537.39   3.72790e-13
       1537.98   3.73340e-13
       1538.56   3.76120e-13
       1539.14   3.70590e-13
       1539.73   3.66050e-13
       1540.31   3.67050e-13
       1540.89   3.68260e-13
       1541.47   3.68310e-13
       1542.06   3.67050e-13
       1542.64   3.68930e-13
       1543.22   3.69580e-13
       1543.81   3.67390e-13
       1544.39   3.67690e-13
       1544.97   3.74060e-13
       1545.55   3.74670e-13
       1546.14   3.75980e-13
       1546.72   3.74120e-13
       1547.30   3.74600e-13
       1547.88   3.74420e-13
       1548.47   3.71090e-13
       1549.05   3.69470e-13
       1549.63   3.69500e-13
       1550.22   3.70690e-13
       1550.80   3.69570e-13
       1551.38   3.67640e-13
       1551.96   3.69160e-13
       1552.55   3.71520e-13
       1553.13   3.66810e-13
       1553.71   3.66450e-13
       1554.29   3.65220e-13
       1554.88   3.64640e-13
       1555.46   3.64250e-13
       1556.04   3.65490e-13
       1556.63   3.60730e-13
       1557.21   3.61540e-13
       1557.79   3.64380e-13
       1558.37   3.62560e-13
       1558.96   3.60260e-13
       1559.54   3.62530e-13
       1560.12   3.59460e-13
       1560.71   3.58450e-13
       1561.29   3.58470e-13
       1561.87   3.58540e-13
       1562.45   3.57110e-13
       1563.04   3.58400e-13
       1563.62   3.54640e-13
       1564.20   3.49440e-13
       1564.78   3.51840e-13
       1565.37   3.52610e-13
       1565.95   3.52860e-13
       1566.53   3.50520e-13
       1567.12   3.52060e-13
       1567.70   3.55020e-13
       1568.28   3.50540e-13
       1568.86   3.48640e-13
       1569.45   3.50840e-13
       1570.03   3.50330e-13
       1570.61   3.48350e-13
       1571.19   3.45940e-13
       1571.78   3.46190e-13
       1572.36   3.49710e-13
       1572.94   3.50250e-13
       1573.53   3.50120e-13
       1574.11   3.42970e-13
       1574.69   3.43980e-13
       1575.27   3.49700e-13
       1575.86   3.49630e-13
       1576.44   3.46810e-13
       1577.02   3.44290e-13
       1577.60   3.42860e-13
       1578.19   3.40620e-13
       1578.77   3.46120e-13
       1579.35   3.40510e-13
       1579.93   3.43580e-13
       1580.52   3.41720e-13
       1581.10   3.44610e-13
       1581.68   3.43350e-13
       1582.27   3.39560e-13
       1582.85   3.42310e-13
       1583.43   3.37190e-13
       1584.01   3.36440e-13
       1584.60   3.36440e-13
       1585.18   3.35630e-13
       1585.76   3.38180e-13
       1586.34   3.42080e-13
       1586.93   3.39970e-13
       1587.51   3.35150e-13
       1588.09   3.39450e-13
       1588.68   3.40790e-13
       1589.26   3.36950e-13
       1589.84   3.35990e-13
       1590.42   3.37150e-13
       1591.01   3.39360e-13
       1591.59   3.36120e-13
       1592.17   3.31080e-13
       1592.75   3.30210e-13
       1593.34   3.37490e-13
       1593.92   3.36660e-13
       1594.50   3.33150e-13
       1595.08   3.30620e-13
       1595.67   3.33910e-13
       1596.25   3.31610e-13
       1596.83   3.32830e-13
       1597.41   3.30500e-13
       1598.00   3.33030e-13
       1598.58   3.32510e-13
       1599.16   3.32080e-13
       1599.75   3.31320e-13
       1600.33   3.31920e-13
       1600.91   3.30480e-13
       1601.49   3.29430e-13
       1602.08   3.29610e-13
       1602.66   3.26630e-13
       1603.24   3.28580e-13
       1603.82   3.26980e-13
       1604.41   3.32290e-13
       1604.99   3.28960e-13
       1605.57   3.24020e-13
       1606.15   3.31850e-13
       1606.74   3.29330e-13
       1607.32   3.27650e-13
       1607.90   3.22440e-13
       1608.48   3.23100e-13
       1609.07   3.21480e-13
       1609.65   3.26520e-13
       1610.23   3.25960e-13
       1610.82   3.24590e-13
       1611.40   3.25530e-13
       1611.98   3.17970e-13
       1612.56   3.17650e-13
       1613.15   3.22590e-13
       1613.73   3.23920e-13
       1614.31   3.21570e-13
       1614.89   3.18550e-13
       1615.48   3.23950e-13
       1616.06   3.20610e-13
       1616.64   3.20230e-13
       1617.22   3.20160e-13
       1617.81   3.20650e-13
       1618.39   3.18100e-13
       1618.97   3.15000e-13
       1619.55   3.15030e-13
       1620.14   3.15640e-13
       1620.72   3.11370e-13
       1621.30   3.10090e-13
       1621.88   3.08340e-13
       1622.47   3.09910e-13
       1623.05   3.10440e-13
       1623.63   3.07480e-13
       1624.22   3.12150e-13
       1624.80   3.11120e-13
       1625.38   3.11560e-13
       1625.96   3.12920e-13
       1626.55   3.08790e-13
       1627.13   3.09320e-13
       1627.71   3.09210e-13
       1628.29   3.08900e-13
       1628.88   3.04690e-13
       1629.46   3.05260e-13
       1630.04   3.03630e-13
       1630.62   3.03340e-13
       1631.21   3.06870e-13
       1631.79   3.05400e-13
       1632.37   3.05420e-13
       1632.95   3.04820e-13
       1633.54   3.04060e-13
       1634.12   3.01580e-13
       1634.70   3.03800e-13
       1635.28   3.02830e-13
       1635.87   3.04600e-13
       1636.45   3.00130e-13
       1637.03   3.00700e-13
       1637.61   3.02940e-13
       1638.20   3.04250e-13
       1638.78   3.03960e-13
       1639.36   3.00780e-13
       1639.94   3.02170e-13
       1640.53   3.01980e-13
       1641.11   3.03590e-13
       1641.69   2.98180e-13
       1642.27   2.99530e-13
       1642.86   3.01960e-13
       1643.44   3.02130e-13
       1644.02   2.97720e-13
       1644.60   2.95510e-13
       1645.19   2.98210e-13
       1645.77   3.00760e-13
       1646.35   2.97750e-13
       1646.93   2.93490e-13
       1647.52   2.89690e-13
       1648.10   2.94090e-13
       1648.68   2.96990e-13
       1649.27   2.94590e-13
       1649.85   2.93540e-13
       1650.43   2.92590e-13
       1651.01   2.90090e-13
       1651.60   2.93990e-13
       1652.18   2.94780e-13
       1652.76   2.92080e-13
       1653.34   2.91020e-13
       1653.93   2.91480e-13
       1654.51   2.91700e-13
       1655.09   2.88790e-13
       1655.67   2.89780e-13
       1656.26   2.89460e-13
       1656.84   2.88900e-13
       1657.42   2.88240e-13
       1658.00   2.85910e-13
       1658.59   2.90100e-13
       1659.17   2.89810e-13
       1659.75   2.88780e-13
       1660.33   2.92250e-13
       1660.92   2.91140e-13
       1661.50   2.91780e-13
       1662.08   2.89890e-13
       1662.66   2.88020e-13
       1663.24   2.84610e-13
       1663.83   2.83980e-13
       1664.41   2.85530e-13
       1664.99   2.84890e-13
       1665.57   2.85990e-13
       1666.16   2.87640e-13
       1666.74   2.88570e-13
       1667.32   2.89920e-13
       1667.90   2.89950e-13
       1668.49   2.89350e-13
       1669.07   2.91780e-13
       1669.65   2.83720e-13
       1670.23   2.86150e-13
       1670.82   2.72770e-13
       1671.40   2.76960e-13
       1671.98   2.84150e-13
       1672.56   2.86160e-13
       1673.15   2.83810e-13
       1673.73   2.81390e-13
       1674.31   2.79000e-13
       1674.89   2.82390e-13
       1675.48   2.84100e-13
       1676.06   2.76650e-13
       1676.64   2.76150e-13
       1677.22   2.78520e-13
       1677.81   2.78350e-13
       1678.39   2.83090e-13
       1679.93   2.82240e-13
       1681.48   2.79320e-13
       1683.02   2.79630e-13
       1684.57   2.78120e-13
       1686.11   2.78760e-13
       1687.66   2.77590e-13
       1689.20   2.76130e-13
       1690.74   2.76080e-13
       1692.29   2.75560e-13
       1693.83   2.74110e-13
       1695.38   2.71890e-13
       1696.92   2.72510e-13
       1698.46   2.70530e-13
       1700.01   2.69940e-13
       1701.55   2.68210e-13
       1703.10   2.68850e-13
       1704.64   2.68200e-13
       1706.19   2.66960e-13
       1707.73   2.67840e-13
       1709.27   2.67270e-13
       1710.82   2.65170e-13
       1712.36   2.63240e-13
       1713.91   2.65890e-13
       1715.45   2.61760e-13
       1717.00   2.62540e-13
       1718.54   2.61960e-13
       1720.09   2.61340e-13
       1721.63   2.58730e-13
       1723.17   2.58340e-13
       1724.72   2.58330e-13
       1726.26   2.56430e-13
       1727.81   2.56700e-13
       1729.35   2.57040e-13
       1730.90   2.54790e-13
       1732.44   2.54940e-13
       1733.98   2.53520e-13
       1735.53   2.53460e-13
       1737.07   2.52080e-13
       1738.62   2.51470e-13
       1740.16   2.50110e-13
       1741.71   2.49800e-13
       1743.25   2.50670e-13
       1744.80   2.47410e-13
       1746.34   2.47350e-13
       1747.89   2.46790e-13
       1749.43   2.45800e-13
       1750.97   2.46170e-13
       1752.52   2.44980e-13
       1754.06   2.43850e-13
       1755.61   2.41540e-13
       1757.15   2.43670e-13
       1758.70   2.40820e-13
       1760.24   2.41040e-13
       1761.79   2.40160e-13
       1763.33   2.38610e-13
       1764.88   2.39160e-13
       1766.42   2.36590e-13
       1767.96   2.37370e-13
       1769.51   2.36450e-13
       1771.05   2.36360e-13
       1772.60   2.34700e-13
       1774.14   2.34610e-13
       1775.69   2.35110e-13
       1777.23   2.33690e-13
       1778.78   2.31400e-13
       1780.32   2.32490e-13
       1781.87   2.31220e-13
       1783.41   2.31260e-13
       1784.96   2.31850e-13
       1786.50   2.29700e-13
       1788.05   2.28310e-13
       1789.59   2.26750e-13
       1791.14   2.26870e-13
       1792.68   2.25480e-13
       1794.23   2.25830e-13
       1795.77   2.25640e-13
       1797.32   2.25780e-13
       1798.86   2.24580e-13
       1800.40   2.24490e-13
       1801.95   2.23040e-13
       1803.49   2.21460e-13
       1805.04   2.23050e-13
       1806.58   2.21770e-13
       1808.13   2.19370e-13
       1809.67   2.18690e-13
       1811.22   2.17370e-13
       1812.76   2.18890e-13
       1814.31   2.16310e-13
       1815.85   2.16240e-13
       1817.40   2.14380e-13
       1818.94   2.14890e-13
       1820.49   2.14930e-13
       1822.03   2.13740e-13
       1823.58   2.14650e-13
       1825.12   2.11250e-13
       1826.67   2.14340e-13
       1828.21   2.11080e-13
       1829.76   2.10180e-13
       1831.30   2.09740e-13
       1832.85   2.09010e-13
       1834.39   2.08420e-13
       1835.94   2.09110e-13
       1837.48   2.07290e-13
       1839.03   2.07470e-13
       1840.57   2.06860e-13
       1842.12   2.05250e-13
       1843.66   2.04680e-13
       1845.21   2.04580e-13
       1846.75   2.03930e-13
       1848.30   2.03880e-13
       1849.84   2.03060e-13
       1851.39   2.02850e-13
       1852.93   2.02400e-13
       1854.48   2.00620e-13
       1856.02   2.00470e-13
       1857.57   1.99870e-13
       1859.12   2.00000e-13
       1860.66   2.01610e-13
       1862.21   2.00580e-13
       1863.75   1.97480e-13
       1865.30   1.98160e-13
       1866.84   1.97700e-13
       1868.39   1.97060e-13
       1869.93   1.97230e-13
       1871.48   1.96560e-13
       1873.02   1.95060e-13
       1874.57   1.94380e-13
       1876.11   1.94700e-13
       1877.66   1.92960e-13
       1879.20   1.93210e-13
       1880.75   1.92280e-13
       1882.29   1.91040e-13
       1883.84   1.91130e-13
       1885.38   1.90480e-13
       1886.93   1.91350e-13
       1888.48   1.89830e-13
       1890.02   1.89550e-13
       1891.57   1.89090e-13
       1893.11   1.88750e-13
       1894.66   1.90240e-13
       1896.20   1.87840e-13
       1897.75   1.86900e-13
       1899.29   1.86130e-13
       1900.84   1.85600e-13
       1902.38   1.85200e-13
       1903.93   1.85440e-13
       1905.47   1.84600e-13
       1907.02   1.83420e-13
       1908.57   1.83450e-13
       1910.11   1.83120e-13
       1911.66   1.82100e-13
       1913.20   1.81830e-13
       1914.75   1.81930e-13
       1916.29   1.79810e-13
       1917.84   1.78870e-13
       1919.38   1.79090e-13
       1920.93   1.79740e-13
       1922.48   1.77540e-13
       1924.02   1.77710e-13
       1925.57   1.77680e-13
       1927.11   1.76450e-13
       1928.66   1.75520e-13
       1930.20   1.76280e-13
       1931.75   1.74630e-13
       1933.29   1.74890e-13
       1934.84   1.73390e-13
       1936.39   1.73710e-13
       1937.93   1.73910e-13
       1939.48   1.72760e-13
       1941.02   1.71640e-13
       1942.57   1.72580e-13
       1944.11   1.71500e-13
       1945.66   1.68950e-13
       1947.21   1.70310e-13
       1948.75   1.70270e-13
       1950.30   1.69230e-13
       1951.84   1.69150e-13
       1953.39   1.69040e-13
       1954.93   1.69140e-13
       1956.48   1.67740e-13
       1958.03   1.66850e-13
       1959.57   1.67040e-13
       1961.12   1.67030e-13
       1962.66   1.66170e-13
       1964.21   1.66680e-13
       1965.75   1.65820e-13
       1967.30   1.65310e-13
       1968.85   1.65160e-13
       1970.39   1.64260e-13
       1971.94   1.64910e-13
       1973.48   1.64470e-13
       1975.03   1.64130e-13
       1976.58   1.64100e-13
       1978.12   1.61850e-13
       1979.67   1.60830e-13
       1981.21   1.61120e-13
       1982.76   1.61260e-13
       1984.30   1.60500e-13
       1985.85   1.60420e-13
       1987.40   1.59730e-13
       1988.94   1.58390e-13
       1990.49   1.58820e-13
       1992.03   1.58170e-13
       1993.58   1.58320e-13
       1995.13   1.56840e-13
       1996.67   1.57020e-13
       1998.22   1.56520e-13
       1999.76   1.56330e-13
       2001.31   1.55580e-13
       2002.86   1.55120e-13
       2004.40   1.55250e-13
       2005.95   1.54570e-13
       2007.49   1.53980e-13
       2009.04   1.51940e-13
       2010.59   1.52480e-13
       2012.13   1.51270e-13
       2013.68   1.51160e-13
       2015.22   1.50420e-13
       2016.77   1.50250e-13
       2018.32   1.50730e-13
       2019.86   1.50150e-13
       2021.41   1.49660e-13
       2022.96   1.49620e-13
       2024.50   1.48260e-13
       2026.05   1.48940e-13
       2027.59   1.47740e-13
       2029.14   1.47490e-13
       2030.69   1.47620e-13
       2032.23   1.46090e-13
       2033.78   1.46480e-13
       2035.32   1.46310e-13
       2036.87   1.45980e-13
       2038.42   1.45130e-13
       2039.96   1.44980e-13
       2041.51   1.45720e-13
       2043.06   1.45370e-13
       2044.60   1.42920e-13
       2046.15   1.42840e-13
       2047.69   1.42850e-13
       2049.24   1.42790e-13
       2050.79   1.42280e-13
       2052.33   1.41740e-13
       2053.88   1.42640e-13
       2055.43   1.41890e-13
       2056.97   1.41650e-13
       2058.52   1.41260e-13
       2060.07   1.41760e-13
       2061.61   1.41390e-13
       2063.16   1.40410e-13
       2064.70   1.39490e-13
       2066.25   1.39820e-13
       2067.80   1.39900e-13
       2069.34   1.38120e-13
       2070.89   1.37910e-13
       2072.44   1.37770e-13
       2073.98   1.37640e-13
       2075.53   1.36980e-13
       2077.08   1.37000e-13
       2078.62   1.37350e-13
       2080.17   1.36310e-13
       2081.72   1.35120e-13
       2083.26   1.35330e-13
       2084.81   1.35050e-13
       2086.35   1.34860e-13
       2087.90   1.33980e-13
       2089.45   1.33750e-13
       2090.99   1.34060e-13
       2092.54   1.33310e-13
       2094.09   1.33660e-13
       2095.63   1.32940e-13
       2097.18   1.32980e-13
       2098.73   1.31470e-13
       2100.27   1.31300e-13
       2101.82   1.31590e-13
       2103.37   1.31540e-13
       2104.91   1.30760e-13
       2106.46   1.29170e-13
       2108.01   1.28900e-13
       2109.55   1.30020e-13
       2111.10   1.29080e-13
       2112.65   1.28520e-13
       2114.19   1.28120e-13
       2115.74   1.28030e-13
       2117.29   1.28020e-13
       2118.83   1.27710e-13
       2120.38   1.26610e-13
       2121.93   1.27250e-13
       2123.47   1.26870e-13
       2125.02   1.26490e-13
       2126.57   1.25830e-13
       2128.11   1.25450e-13
       2129.66   1.25670e-13
       2131.21   1.24880e-13
       2132.75   1.24810e-13
       2134.30   1.23880e-13
       2135.85   1.24610e-13
       2137.39   1.23970e-13
       2138.94   1.23560e-13
       2140.49   1.23490e-13
       2142.04   1.23540e-13
       2143.58   1.23590e-13
       2145.13   1.22940e-13
       2146.68   1.22440e-13
       2148.22   1.21970e-13
       2149.77   1.22000e-13
       2151.32   1.21020e-13
       2152.86   1.21180e-13
       2154.41   1.21100e-13
       2155.96   1.21110e-13
       2157.50   1.20790e-13
       2159.05   1.19570e-13
       2160.60   1.19150e-13
       2162.15   1.19510e-13
       2163.69   1.20520e-13
       2165.24   1.19210e-13
       2166.79   1.18450e-13
       2168.33   1.17720e-13
       2169.88   1.18440e-13
       2171.43   1.18070e-13
       2172.97   1.18070e-13
       2174.52   1.17550e-13
       2176.07   1.17210e-13
       2177.61   1.16620e-13
       2179.16   1.15350e-13
       2180.71   1.15640e-13
       2182.26   1.16310e-13
       2183.80   1.15590e-13
       2185.35   1.14840e-13
       2186.90   1.14530e-13
       2188.44   1.15580e-13
       2189.99   1.14550e-13
       2191.54   1.13710e-13
       2193.09   1.14090e-13
       2194.63   1.14210e-13
       2196.18   1.14140e-13
       2197.73   1.13280e-13
       2199.27   1.12690e-13
       2200.82   1.12950e-13
       2202.37   1.12590e-13
       2203.92   1.12330e-13
       2205.46   1.12120e-13
       2207.01   1.11470e-13
       2208.56   1.11370e-13
       2210.10   1.10800e-13
       2211.65   1.11320e-13
       2213.20   1.09430e-13
       2214.75   1.10250e-13
       2216.29   1.10090e-13
       2217.84   1.09620e-13
       2219.39   1.09690e-13
       2220.94   1.09150e-13
       2222.48   1.08760e-13
       2224.03   1.07920e-13
       2225.58   1.07920e-13
       2227.12   1.07680e-13
       2228.67   1.07340e-13
       2230.22   1.07020e-13
       2231.77   1.06480e-13
       2233.31   1.06450e-13
       2234.86   1.05720e-13
       2236.41   1.06380e-13
       2237.96   1.05960e-13
       2239.50   1.04680e-13
       2241.05   1.05030e-13
       2242.60   1.04510e-13
       2244.15   1.04570e-13
       2245.69   1.03790e-13
       2247.24   1.03970e-13
       2248.79   1.03980e-13
       2250.34   1.03850e-13
       2251.88   1.03660e-13
       2253.43   1.02930e-13
       2254.98   1.03110e-13
       2256.53   1.02660e-13
       2258.07   1.02360e-13
       2259.62   1.02760e-13
       2261.17   1.02080e-13
       2262.72   1.01530e-13
       2264.26   1.01730e-13
       2265.81   1.01060e-13
       2267.36   1.00800e-13
       2268.91   1.00710e-13
       2270.45   1.00290e-13
       2272.00   1.00500e-13
       2273.55   1.00570e-13
       2275.10   1.00340e-13
       2276.64   9.95180e-14
       2278.19   9.98360e-14
       2279.74   9.91780e-14
       2281.29   9.95610e-14
       2282.84   9.88640e-14
       2284.38   9.85930e-14
       2285.93   9.87450e-14
       2287.48   9.89710e-14
       2289.03   9.79800e-14
       2290.57   9.81440e-14
       2292.12   9.82210e-14
       2293.67   9.71160e-14
       2295.22   9.68310e-14
       2296.76   9.68240e-14
       2298.31   9.71530e-14
       2299.86   9.66760e-14
       2301.41   9.67710e-14
       2302.96   9.59850e-14
       2304.50   9.62920e-14
       2306.05   9.57360e-14
       2307.60   9.52140e-14
       2309.15   9.52000e-14
       2310.69   9.50250e-14
       2312.24   9.52840e-14
       2313.79   9.41780e-14
       2315.34   9.38230e-14
       2316.89   9.37350e-14
       2318.43   9.38410e-14
       2319.98   9.34590e-14
       2321.53   9.33740e-14
       2323.08   9.35900e-14
       2324.63   9.28390e-14
       2326.17   9.31430e-14
       2327.72   9.25650e-14
       2329.27   9.25370e-14
       2330.82   9.20250e-14
       2332.36   9.19440e-14
       2333.91   9.18370e-14
       2335.46   9.16280e-14
       2337.01   9.09790e-14
       2338.56   9.13010e-14
       2340.10   9.09060e-14
       2341.65   8.98750e-14
       2343.20   8.97790e-14
       2344.75   8.96610e-14
       2346.30   8.96610e-14
       2347.84   9.02270e-14
       2349.39   8.94580e-14
       2350.94   8.91020e-14
       2352.49   8.92740e-14
       2354.04   8.85350e-14
       2355.59   8.84190e-14
       2357.13   8.83030e-14
       2358.68   8.78450e-14
       2360.23   8.81310e-14
       2361.78   8.84460e-14
       2363.33   8.84830e-14
       2364.87   8.80110e-14
       2366.42   8.76640e-14
       2367.97   8.72800e-14
       2369.52   8.68510e-14
       2371.07   8.66970e-14
       2372.61   8.67760e-14
       2374.16   8.57620e-14
       2375.71   8.60650e-14
       2377.26   8.61130e-14
       2378.81   8.57030e-14
       2380.36   8.52360e-14
       2381.90   8.38350e-14
       2383.45   8.44670e-14
       2385.00   8.42330e-14
       2386.55   8.44040e-14
       2388.10   8.45990e-14
       2389.65   8.45210e-14
       2391.19   8.46560e-14
       2392.74   8.44280e-14
       2394.29   8.38560e-14
       2395.84   8.39470e-14
       2397.39   8.38570e-14
       2398.94   8.33460e-14
       2400.48   8.31570e-14
       2402.03   8.29800e-14
       2403.58   8.32800e-14
       2405.13   8.28100e-14
       2406.68   8.24040e-14
       2408.23   8.24340e-14
       2409.77   8.23530e-14
       2411.32   8.23320e-14
       2412.87   8.18040e-14
       2414.42   8.17750e-14
       2415.97   8.17220e-14
       2417.52   8.14820e-14
       2419.06   8.14200e-14
       2420.61   8.07530e-14
       2422.16   7.99610e-14
       2423.71   7.99970e-14
       2425.26   7.97640e-14
       2426.81   8.00390e-14
       2428.36   7.93510e-14
       2429.90   7.97220e-14
       2431.45   7.93640e-14
       2433.00   7.93010e-14
       2434.55   7.90830e-14
       2436.10   7.92880e-14
       2437.65   7.89890e-14
       2439.20   7.88870e-14
       2440.74   7.84740e-14
       2442.29   7.84410e-14
       2443.84   7.78520e-14
       2445.39   7.81190e-14
       2446.94   7.77840e-14
       2448.49   7.73770e-14
       2450.04   7.69860e-14
       2451.58   7.68340e-14
       2453.13   7.64690e-14
       2454.68   7.73670e-14
       2456.23   7.67680e-14
       2457.78   7.62640e-14
       2459.33   7.61870e-14
       2460.88   7.67400e-14
       2462.43   7.59360e-14
       2463.97   7.58120e-14
       2465.52   7.57110e-14
       2467.07   7.55270e-14
       2468.62   7.52390e-14
       2470.17   7.56160e-14
       2471.72   7.47210e-14
       2473.27   7.49760e-14
       2474.82   7.45060e-14
       2476.36   7.42430e-14
       2477.91   7.47500e-14
       2479.46   7.41910e-14
       2481.01   7.38070e-14
       2482.56   7.36870e-14
       2484.11   7.39260e-14
       2485.66   7.38690e-14
       2487.21   7.26050e-14
       2488.75   7.28250e-14
       2490.30   7.30450e-14
       2491.85   7.27560e-14
       2493.40   7.24520e-14
       2494.95   7.27270e-14
       2496.50   7.28570e-14
       2498.05   7.20760e-14
       2499.60   7.20390e-14
       2501.15   7.20350e-14
       2502.69   7.17650e-14
       2504.24   7.09280e-14
       2505.79   7.15980e-14
       2507.34   7.09190e-14
       2508.89   7.08220e-14
       2510.44   7.08510e-14
       2511.99   7.01300e-14
       2513.54   7.07810e-14
       2515.09   7.06420e-14
       2516.64   7.03720e-14
       2518.18   7.02210e-14
       2519.73   6.99100e-14
       2521.28   6.97170e-14
       2522.83   6.96860e-14
       2524.38   6.92470e-14
       2525.93   6.94180e-14
       2527.48   6.92660e-14
       2529.03   6.93390e-14
       2530.58   6.91300e-14
       2532.13   6.88720e-14
       2533.68   6.83590e-14
       2535.22   6.81680e-14
       2536.77   6.84550e-14
       2538.32   6.83590e-14
       2539.87   6.84150e-14
       2541.42   6.78420e-14
       2542.97   6.76120e-14
       2544.52   6.73310e-14
       2546.07   6.71440e-14
       2547.62   6.72610e-14
       2549.17   6.70770e-14
       2550.72   6.70220e-14
       2552.27   6.67730e-14
       2553.82   6.64070e-14
       2555.36   6.63520e-14
       2556.91   6.63970e-14
       2558.46   6.65070e-14
       2560.01   6.60170e-14
       2561.56   6.60550e-14
       2563.11   6.56950e-14
       2564.66   6.55370e-14
       2566.21   6.52510e-14
       2567.76   6.54360e-14
       2569.31   6.55140e-14
       2570.86   6.58260e-14
       2572.41   6.53680e-14
       2573.96   6.49970e-14
       2575.51   6.48550e-14
       2577.06   6.44050e-14
       2578.60   6.40060e-14
       2580.15   6.42260e-14
       2581.70   6.38270e-14
       2583.25   6.35420e-14
       2584.80   6.33140e-14
       2586.35   6.33320e-14
       2587.90   6.35620e-14
       2589.45   6.34490e-14
       2591.00   6.34770e-14
       2592.55   6.27490e-14
       2594.10   6.25900e-14
       2595.65   6.26890e-14
       2597.20   6.26160e-14
       2598.75   6.11850e-14
       2600.30   6.15110e-14
       2601.85   6.22810e-14
       2603.40   6.20620e-14
       2604.95   6.20240e-14
       2606.50   6.21800e-14
       2608.04   6.20450e-14
       2609.59   6.20420e-14
       2611.14   6.19100e-14
       2612.69   6.17390e-14
       2614.24   6.15220e-14
       2615.79   6.08840e-14
       2617.34   6.09860e-14
       2618.89   6.11500e-14
       2620.44   6.11260e-14
       2621.99   6.10420e-14
       2623.54   6.11640e-14
       2625.09   6.05100e-14
       2626.64   6.05260e-14
       2628.19   6.04960e-14
       2629.74   6.04950e-14
       2631.29   6.04060e-14
       2632.84   6.02560e-14
       2634.39   5.99230e-14
       2635.94   5.98510e-14
       2637.49   5.91690e-14
       2639.04   5.93810e-14
       2640.59   5.92760e-14
       2642.14   5.90760e-14
       2643.69   5.94560e-14
       2645.24   5.92960e-14
       2646.79   5.89970e-14
       2648.34   5.91150e-14
       2649.89   5.88470e-14
       2651.44   5.86520e-14
       2652.99   5.86690e-14
       2654.54   5.83270e-14
       2656.09   5.81960e-14
       2657.64   5.81440e-14
       2659.19   5.82420e-14
       2660.74   5.77350e-14
       2662.29   5.80820e-14
       2663.84   5.78420e-14
       2665.39   5.72880e-14
       2666.94   5.72770e-14
       2668.48   5.75880e-14
       2670.03   5.72800e-14
       2671.58   5.73830e-14
       2673.13   5.68760e-14
       2674.68   5.64640e-14
       2676.23   5.67220e-14
       2677.78   5.68910e-14
       2679.33   5.68460e-14
       2680.88   5.70120e-14
       2682.43   5.66560e-14
       2683.98   5.63350e-14
       2685.53   5.61730e-14
       2687.08   5.61220e-14
       2688.63   5.59870e-14
       2690.18   5.60820e-14
       2691.73   5.59290e-14
       2693.28   5.55950e-14
       2694.83   5.55820e-14
       2696.39   5.54590e-14
       2697.94   5.50460e-14
       2699.49   5.51870e-14
       2701.04   5.49700e-14
       2702.59   5.50930e-14
       2704.14   5.46910e-14
       2705.69   5.51220e-14
       2707.24   5.45430e-14
       2708.79   5.46180e-14
       2710.34   5.44670e-14
       2711.89   5.41910e-14
       2713.44   5.44810e-14
       2714.99   5.42290e-14
       2716.54   5.40280e-14
       2718.09   5.40270e-14
       2719.64   5.37510e-14
       2721.19   5.36550e-14
       2722.74   5.36700e-14
       2724.29   5.31170e-14
       2725.84   5.31730e-14
       2727.39   5.33040e-14
       2728.94   5.28460e-14
       2730.49   5.30730e-14
       2732.04   5.29110e-14
       2733.59   5.24820e-14
       2735.14   5.23660e-14
       2736.69   5.23210e-14
       2738.24   5.24890e-14
       2739.79   5.23830e-14
       2741.34   5.23830e-14
       2742.89   5.23360e-14
       2744.44   5.16790e-14
       2745.99   5.16080e-14
       2747.54   5.16940e-14
       2749.09   5.17510e-14
       2750.64   5.16150e-14
       2752.19   5.18710e-14
       2753.74   5.20580e-14
       2755.30   5.14970e-14
       2756.85   5.11620e-14
       2758.40   5.06780e-14
       2759.95   5.05790e-14
       2761.50   5.04460e-14
       2763.05   5.09020e-14
       2764.60   5.08110e-14
       2766.15   5.04850e-14
       2767.70   5.08060e-14
       2769.25   5.00460e-14
       2770.80   5.01020e-14
       2772.35   4.99490e-14
       2773.90   4.99430e-14
       2775.45   4.98930e-14
       2777.00   4.96410e-14
       2778.55   4.99250e-14
       2780.10   4.93720e-14
       2781.65   4.93790e-14
       2783.20   4.92070e-14
       2784.75   4.92400e-14
       2786.31   4.93900e-14
       2787.86   4.92940e-14
       2789.41   4.90060e-14
       2790.96   4.89230e-14
       2792.51   4.85650e-14
       2794.06   4.82230e-14
       2795.61   4.69280e-14
       2797.16   4.79280e-14
       2798.71   4.81480e-14
       2800.26   4.81330e-14
       2801.81   4.74190e-14
       2803.36   4.69630e-14
       2804.91   4.78070e-14
       2806.46   4.79350e-14
       2808.02   4.78040e-14
       2809.57   4.75130e-14
       2811.12   4.77130e-14
       2812.67   4.75780e-14
       2814.22   4.78350e-14
       2815.77   4.75890e-14
       2817.32   4.75220e-14
       2818.87   4.74960e-14
       2820.42   4.71860e-14
       2821.97   4.68970e-14
       2823.52   4.69370e-14
       2825.07   4.68190e-14
       2826.62   4.67340e-14
       2828.18   4.69310e-14
       2829.73   4.63290e-14
       2831.28   4.62520e-14
       2832.83   4.63120e-14
       2834.38   4.62390e-14
       2835.93   4.61230e-14
       2837.48   4.61330e-14
       2839.03   4.55490e-14
       2840.58   4.54630e-14
       2842.13   4.58890e-14
       2843.68   4.55870e-14
       2845.24   4.53060e-14
       2846.79   4.53960e-14
       2848.34   4.49620e-14
       2849.89   4.50440e-14
       2851.44   4.47800e-14
       2852.99   4.53420e-14
       2854.54   4.52320e-14
       2856.09   4.49350e-14
       2857.64   4.47410e-14
       2859.19   4.48930e-14
       2860.75   4.48700e-14
       2862.30   4.49390e-14
       2863.85   4.46780e-14
       2865.40   4.41380e-14
       2866.95   4.42160e-14
       2868.50   4.40360e-14
       2870.05   4.42360e-14
       2871.60   4.41520e-14
       2873.15   4.42380e-14
       2874.71   4.44540e-14
       2876.26   4.35050e-14
       2877.81   4.35610e-14
       2879.36   4.34080e-14
       2880.91   4.37990e-14
       2882.46   4.33690e-14
       2884.01   4.31030e-14
       2885.56   4.30230e-14
       2887.12   4.30870e-14
       2888.67   4.32790e-14
       2890.22   4.33120e-14
       2891.77   4.31490e-14
       2893.32   4.30370e-14
       2894.87   4.26780e-14
       2896.42   4.27740e-14
       2897.97   4.29100e-14
       2899.53   4.29040e-14
       2901.08   4.29640e-14
       2902.63   4.30710e-14
       2904.18   4.26400e-14
       2905.73   4.23640e-14
       2907.28   4.23610e-14
       2908.83   4.24920e-14
       2910.38   4.25430e-14
       2911.94   4.17030e-14
       2913.49   4.20240e-14
       2915.04   4.21500e-14
       2916.59   4.19540e-14
       2918.14   4.23960e-14
       2919.69   4.17030e-14
       2921.24   4.18720e-14
       2922.80   4.17910e-14
       2924.35   4.16640e-14
       2925.90   4.12460e-14
       2927.45   4.17180e-14
       2929.00   4.14720e-14
       2930.55   4.07930e-14
       2932.10   4.10220e-14
       2933.66   4.11420e-14
       2935.21   4.11370e-14
       2936.76   4.07730e-14
       2938.31   4.10910e-14
       2939.86   4.09390e-14
       2941.41   4.12760e-14
       2942.96   4.09820e-14
       2944.52   4.08060e-14
       2946.07   4.08700e-14
       2947.62   4.06440e-14
       2949.17   4.02520e-14
       2950.72   3.99050e-14
       2952.27   4.06070e-14
       2953.83   4.03660e-14
       2955.38   4.00090e-14
       2956.93   4.01530e-14
       2958.48   4.06130e-14
       2960.03   4.01390e-14
       2961.58   3.98800e-14
       2963.14   3.99970e-14
       2964.69   3.98900e-14
       2966.24   3.94830e-14
       2967.79   3.96660e-14
       2969.34   3.94390e-14
       2970.89   3.93490e-14
       2972.45   3.90390e-14
       2974.00   3.91210e-14
       2975.55   3.84450e-14
       2977.10   3.86020e-14
       2978.65   3.90890e-14
       2980.20   3.89240e-14
       2981.76   3.87230e-14
       2983.31   3.88620e-14
       2984.86   3.90580e-14
       2986.41   3.83060e-14
       2987.96   3.85690e-14
       2989.52   3.79400e-14
       2991.07   3.82930e-14
       2992.62   3.81940e-14
       2994.17   3.82020e-14
       2995.72   3.76060e-14
       2997.27   3.78670e-14
       2998.83   3.82830e-14
       3000.38   3.81620e-14
       3001.93   3.80980e-14
       3003.48   3.79090e-14
       3005.03   3.81240e-14
       3006.59   3.85390e-14
       3008.14   3.80060e-14
       3009.69   3.78680e-14
       3011.24   3.78160e-14
       3012.79   3.77230e-14
       3014.35   3.74790e-14
       3015.90   3.75320e-14
       3017.45   3.76920e-14
       3019.00   3.69700e-14
       3020.55   3.73140e-14
       3022.11   3.65830e-14
       3023.66   3.72160e-14
       3025.21   3.68630e-14
       3026.76   3.67040e-14
       3028.31   3.64990e-14
       3029.87   3.64700e-14
       3031.42   3.64450e-14
       3032.97   3.66970e-14
       3034.52   3.65340e-14
       3036.07   3.59840e-14
       3037.63   3.61240e-14
       3039.18   3.57830e-14
       3040.73   3.61360e-14
       3042.28   3.57150e-14
       3043.83   3.57520e-14
       3045.39   3.61990e-14
       3046.94   3.57940e-14
       3048.49   3.61630e-14
       3050.04   3.63440e-14
       3051.59   3.58570e-14
       3053.15   3.55280e-14
       3054.70   3.54520e-14
       3056.25   3.52240e-14
       3057.80   3.54740e-14
       3059.36   3.53090e-14
       3060.91   3.55340e-14
       3062.46   3.56930e-14
       3064.01   3.49980e-14
       3065.66   3.52190e-14
       3068.40   3.43580e-14
       3071.15   3.41080e-14
       3073.90   3.45970e-14
       3076.64   3.43590e-14
       3079.39   3.43800e-14
       3082.13   3.46180e-14
       3084.88   3.41870e-14
       3087.62   3.39260e-14
       3090.37   3.40840e-14
       3093.12   3.42460e-14
       3095.86   3.42290e-14
       3098.61   3.35900e-14
       3101.35   3.39260e-14
       3104.10   3.38240e-14
       3106.85   3.31970e-14
       3109.59   3.28390e-14
       3112.34   3.32060e-14
       3115.08   3.31440e-14
       3117.83   3.26230e-14
       3120.58   3.25630e-14
       3123.32   3.25110e-14
       3126.07   3.28880e-14
       3128.82   3.27900e-14
       3131.56   3.22640e-14
       3134.31   3.23710e-14
       3137.05   3.21000e-14
       3139.80   3.21890e-14
       3142.55   3.23320e-14
       3145.29   3.20140e-14
       3148.04   3.19780e-14
       3150.79   3.18640e-14
       3153.53   3.13010e-14
       3156.28   3.13930e-14
       3159.03   3.14370e-14
       3161.77   3.12190e-14
       3164.52   3.12280e-14
       3167.26   3.12420e-14
       3170.01   3.10920e-14
       3172.76   3.09740e-14
       3175.50   3.04750e-14
       3178.25   3.04110e-14
       3181.00   3.04070e-14
       3183.74   3.06540e-14
       3186.49   3.01340e-14
       3189.24   3.06010e-14
       3191.98   3.02130e-14
       3194.73   3.01710e-14
       3197.48   3.03790e-14
       3200.22   3.01910e-14
       3202.97   3.01800e-14
       3205.72   3.01520e-14
       3208.46   2.97930e-14
       3211.21   2.96990e-14
       3213.96   2.97360e-14
       3216.70   2.93460e-14
       3219.45   2.89620e-14
       3222.20   2.90550e-14
       3224.95   2.92490e-14
       3227.69   2.93120e-14
       3230.44   2.92110e-14
       3233.19   2.92620e-14
       3235.93   2.90000e-14
       3238.68   2.90580e-14
       3241.43   2.93790e-14
       3244.17   2.90240e-14
       3246.92   2.86390e-14
       3249.67   2.85980e-14
       3252.42   2.82350e-14
       3255.16   2.81110e-14
       3257.91   2.83830e-14
       3260.66   2.82530e-14
       3263.40   2.83880e-14
       3266.15   2.77820e-14
       3268.90   2.76920e-14
       3271.65   2.76590e-14
       3274.39   2.78010e-14
       3277.14   2.75860e-14
       3279.89   2.76260e-14
       3282.63   2.74070e-14
       3285.38   2.75550e-14
       3288.13   2.71780e-14
       3290.88   2.73630e-14
       3293.62   2.72180e-14
       3296.37   2.68320e-14
       3299.12   2.68230e-14
       3301.87   2.68300e-14
       3304.61   2.64420e-14
       3307.36   2.63550e-14
       3310.11   2.65140e-14
       3312.86   2.67580e-14
       3315.60   2.64260e-14
       3318.35   2.61080e-14
       3321.10   2.59810e-14
       3323.85   2.61300e-14
       3326.59   2.61380e-14
       3329.34   2.62670e-14
       3332.09   2.59000e-14
       3334.84   2.58940e-14
       3337.58   2.57050e-14
       3340.33   2.54650e-14
       3343.08   2.57610e-14
       3345.83   2.56180e-14
       3348.57   2.54420e-14
       3351.32   2.53310e-14
       3354.07   2.56130e-14
       3356.82   2.56140e-14
       3359.56   2.55600e-14
       3362.31   2.52600e-14
       3365.06   2.49280e-14
       3367.81   2.51860e-14
       3370.56   2.49420e-14
       3373.30   2.48540e-14
       3376.05   2.48130e-14
       3378.80   2.48910e-14
       3381.55   2.48840e-14
       3384.29   2.46970e-14
       3387.04   2.46780e-14
       3389.79   2.43580e-14
       3392.54   2.43580e-14
       3395.29   2.45470e-14
       3398.03   2.43280e-14
       3400.78   2.43950e-14
       3403.53   2.41590e-14
       3406.28   2.37610e-14
       3409.03   2.40130e-14
       3411.77   2.39830e-14
       3414.52   2.38180e-14
       3417.27   2.37820e-14
       3420.02   2.39340e-14
       3422.77   2.35950e-14
       3425.51   2.34760e-14
       3428.26   2.34090e-14
       3431.01   2.34060e-14
       3433.76   2.33830e-14
       3436.51   2.33880e-14
       3439.25   2.36310e-14
       3442.00   2.33210e-14
       3444.75   2.29590e-14
       3447.50   2.27940e-14
       3450.25   2.28920e-14
       3453.00   2.29770e-14
       3455.74   2.26850e-14
       3458.49   2.28990e-14
       3461.24   2.27090e-14
       3463.99   2.25240e-14
       3466.74   2.23760e-14
       3469.49   2.27630e-14
       3472.23   2.27860e-14
       3474.98   2.23640e-14
       3477.73   2.24170e-14
       3480.48   2.22680e-14
       3483.23   2.24060e-14
       3485.97   2.23540e-14
       3488.72   2.20750e-14
       3491.47   2.17190e-14
       3494.22   2.14590e-14
       3496.97   2.14320e-14
       3499.72   2.14770e-14
       3502.47   2.14280e-14
       3505.21   2.11630e-14
       3507.96   2.11560e-14
       3510.71   2.11760e-14
       3513.46   2.15860e-14
       3516.21   2.17100e-14
       3518.96   2.17130e-14
       3521.70   2.13920e-14
       3524.45   2.12880e-14
       3527.20   2.12460e-14
       3529.95   2.12680e-14
       3532.70   2.10390e-14
       3535.45   2.08820e-14
       3538.20   2.11520e-14
       3540.94   2.10880e-14
       3543.69   2.06450e-14
       3546.44   2.05270e-14
       3549.19   2.05120e-14
       3551.94   2.05660e-14
       3554.69   2.06110e-14
       3557.44   2.08090e-14
       3560.19   2.05870e-14
       3562.93   2.05000e-14
       3565.68   2.04940e-14
       3568.43   2.02700e-14
       3571.18   2.04280e-14
       3573.93   2.04740e-14
       3576.68   2.01350e-14
       3579.43   2.00700e-14
       3582.17   2.00310e-14
       3584.92   2.01520e-14
       3587.67   1.97740e-14
       3590.42   1.97690e-14
       3593.17   2.00520e-14
       3595.92   1.97530e-14
       3598.67   1.96680e-14
       3601.42   1.96340e-14
       3604.17   1.96910e-14
       3606.91   1.96120e-14
       3609.66   1.93600e-14
       3612.41   1.94150e-14
       3615.16   1.94080e-14
       3617.91   1.93160e-14
       3620.66   1.93270e-14
       3623.41   1.92570e-14
       3626.16   1.90930e-14
       3628.90   1.90000e-14
       3631.65   1.89840e-14
       3634.40   1.89190e-14
       3637.15   1.90270e-14
       3639.90   1.90010e-14
       3642.65   1.87480e-14
       3645.40   1.88270e-14
       3648.15   1.91570e-14
       3650.90   1.88650e-14
       3653.65   1.87890e-14
       3656.39   1.86710e-14
       3659.14   1.85420e-14
       3661.89   1.85530e-14
       3664.64   1.84140e-14
       3667.39   1.84180e-14
       3670.14   1.83130e-14
       3672.89   1.80960e-14
       3675.64   1.81620e-14
       3678.39   1.82920e-14
       3681.14   1.81330e-14
       3683.88   1.81380e-14
       3686.63   1.79130e-14
       3689.38   1.80700e-14
       3692.13   1.81230e-14
       3694.88   1.80030e-14
       3697.63   1.78240e-14
       3700.38   1.77070e-14
       3703.13   1.75630e-14
       3705.88   1.75400e-14
       3708.63   1.78120e-14
       3711.38   1.77890e-14
       3714.12   1.76640e-14
       3716.87   1.75300e-14
       3719.62   1.74530e-14
       3722.37   1.74170e-14
       3725.12   1.73210e-14
       3727.87   1.68500e-14
       3730.62   1.72260e-14
       3733.37   1.74460e-14
       3736.12   1.73300e-14
       3738.87   1.71920e-14
       3741.62   1.70760e-14
       3744.37   1.70000e-14
       3747.12   1.68870e-14
       3749.86   1.70100e-14
       3752.61   1.68590e-14
       3755.36   1.69010e-14
       3758.11   1.67560e-14
       3760.86   1.67080e-14
       3763.61   1.63430e-14
       3766.36   1.65670e-14
       3769.11   1.66490e-14
       3771.86   1.65000e-14
       3774.61   1.64920e-14
       3777.36   1.65210e-14
       3780.11   1.64220e-14
       3782.86   1.65970e-14
       3785.61   1.65110e-14
       3788.35   1.64450e-14
       3791.10   1.63530e-14
       3793.85   1.62410e-14
       3796.60   1.62350e-14
       3799.35   1.60660e-14
       3802.10   1.61140e-14
       3804.85   1.62300e-14
       3807.60   1.61360e-14
       3810.35   1.61610e-14
       3813.10   1.58770e-14
       3815.85   1.60920e-14
       3818.60   1.59160e-14
       3821.35   1.58140e-14
       3824.10   1.57110e-14
       3826.85   1.56780e-14
       3829.59   1.57410e-14
       3832.34   1.57440e-14
       3835.09   1.56110e-14
       3837.84   1.55180e-14
       3840.59   1.55490e-14
       3843.34   1.56340e-14
       3846.09   1.54260e-14
       3848.84   1.56330e-14
       3851.59   1.53770e-14
       3854.34   1.55310e-14
       3857.09   1.55200e-14
       3859.84   1.53430e-14
       3862.59   1.52830e-14
       3865.34   1.54360e-14
       3868.09   1.52910e-14
       3870.84   1.52890e-14
       3873.59   1.49610e-14
       3876.34   1.50180e-14
       3879.08   1.49730e-14
       3881.83   1.47780e-14
       3884.58   1.47540e-14
       3887.33   1.46280e-14
       3890.08   1.45060e-14
       3892.83   1.45990e-14
       3895.58   1.46660e-14
       3898.33   1.46850e-14
       3901.08   1.46350e-14
       3903.83   1.48050e-14
       3906.58   1.47720e-14
       3909.33   1.48040e-14
       3912.08   1.49330e-14
       3914.83   1.49310e-14
       3917.58   1.48260e-14
       3920.33   1.48530e-14
       3923.08   1.47590e-14
       3925.83   1.48190e-14
       3928.58   1.47500e-14
       3931.32   1.46010e-14
       3934.07   1.46560e-14
       3936.82   1.46750e-14
       3939.57   1.46230e-14
       3942.32   1.43910e-14
       3945.07   1.42640e-14
       3947.82   1.42650e-14
       3950.57   1.42400e-14
       3953.32   1.40410e-14
       3956.07   1.37990e-14
       3958.82   1.37470e-14
       3961.57   1.35210e-14
       3964.32   1.32590e-14
       3967.07   1.31090e-14
       3969.82   1.29320e-14
       3972.57   1.29320e-14
       3975.32   1.30960e-14
       3978.07   1.30920e-14
       3980.82   1.32170e-14
       3983.57   1.32060e-14
       3986.32   1.34040e-14
       3989.06   1.34670e-14
       3991.81   1.34990e-14
       3994.56   1.35840e-14
       3997.31   1.37240e-14
       4000.06   1.38880e-14
       4002.81   1.36920e-14
       4005.56   1.37630e-14
       4008.31   1.38910e-14
       4011.06   1.39770e-14
       4013.81   1.39920e-14
       4016.56   1.40180e-14
       4019.31   1.40550e-14
       4022.06   1.38840e-14
       4024.81   1.40830e-14
       4027.56   1.39420e-14
       4030.31   1.38840e-14
       4033.06   1.39720e-14
       4035.81   1.38580e-14
       4038.56   1.38760e-14
       4041.31   1.37220e-14
       4044.06   1.36370e-14
       4046.80   1.36980e-14
       4049.55   1.36610e-14
       4052.30   1.35260e-14
       4055.05   1.34100e-14
       4057.80   1.34860e-14
       4060.55   1.34580e-14
       4063.30   1.32770e-14
       4066.05   1.31010e-14
       4068.80   1.30730e-14
       4071.55   1.29290e-14
       4074.30   1.28790e-14
       4077.05   1.28050e-14
       4079.80   1.24370e-14
       4082.55   1.22480e-14
       4085.30   1.21870e-14
       4088.05   1.20490e-14
       4090.80   1.18060e-14
       4093.55   1.16500e-14
       4096.30   1.13100e-14
       4099.05   1.10330e-14
       4101.79   1.09070e-14
       4104.54   1.09280e-14
       4107.29   1.10080e-14
       4110.04   1.10530e-14
       4112.79   1.13070e-14
       4115.54   1.15090e-14
       4118.29   1.16960e-14
       4121.04   1.18210e-14
       4123.79   1.19030e-14
       4126.54   1.19720e-14
       4129.29   1.22030e-14
       4132.04   1.23170e-14
       4134.79   1.23380e-14
       4137.54   1.24120e-14
       4140.29   1.22840e-14
       4143.04   1.23600e-14
       4145.79   1.25100e-14
       4148.54   1.24800e-14
       4151.29   1.24750e-14
       4154.04   1.24110e-14
       4156.78   1.25240e-14
       4159.53   1.24910e-14
       4162.28   1.25150e-14
       4165.03   1.26500e-14
       4167.78   1.25920e-14
       4170.53   1.25280e-14
       4173.28   1.24530e-14
       4176.03   1.24100e-14
       4178.78   1.23290e-14
       4181.53   1.22910e-14
       4184.28   1.24810e-14
       4187.03   1.24340e-14
       4189.78   1.22670e-14
       4192.53   1.22550e-14
       4195.28   1.22720e-14
       4198.03   1.22260e-14
       4200.77   1.22550e-14
       4203.52   1.21880e-14
       4206.27   1.22440e-14
       4209.02   1.21850e-14
       4211.77   1.21030e-14
       4214.52   1.21040e-14
       4217.27   1.21200e-14
       4220.02   1.20160e-14
       4222.77   1.19670e-14
       4225.52   1.20130e-14
       4228.27   1.19690e-14
       4231.02   1.19460e-14
       4233.77   1.19010e-14
       4236.52   1.18300e-14
       4239.27   1.18640e-14
       4242.02   1.19260e-14
       4244.76   1.18900e-14
       4247.51   1.18620e-14
       4250.26   1.17620e-14
       4253.01   1.17270e-14
       4255.76   1.16970e-14
       4258.51   1.16620e-14
       4261.26   1.16860e-14
       4264.01   1.15990e-14
       4266.76   1.15700e-14
       4269.51   1.15030e-14
       4272.26   1.14260e-14
       4275.01   1.14480e-14
       4277.76   1.13840e-14
       4280.50   1.12790e-14
       4283.25   1.12100e-14
       4286.00   1.12510e-14
       4288.75   1.10970e-14
       4291.50   1.10760e-14
       4294.25   1.10370e-14
       4297.00   1.10000e-14
       4299.75   1.08850e-14
       4302.50   1.07650e-14
       4305.25   1.06450e-14
       4308.00   1.06620e-14
       4310.75   1.04860e-14
       4313.50   1.03340e-14
       4316.24   1.03280e-14
       4318.99   1.01530e-14
       4321.74   9.96740e-15
       4324.49   9.79100e-15
       4327.24   9.51670e-15
       4329.99   9.34520e-15
       4332.74   9.13020e-15
       4335.49   8.94080e-15
       4338.24   8.68380e-15
       4340.99   8.46980e-15
       4343.73   8.36040e-15
       4346.48   8.61050e-15
       4349.23   8.74470e-15
       4351.98   8.97180e-15
       4354.73   9.16250e-15
       4357.48   9.19260e-15
       4360.23   9.39770e-15
       4362.98   9.59720e-15
       4365.73   9.69680e-15
       4368.48   9.78780e-15
       4371.23   9.87150e-15
       4373.97   9.86920e-15
       4376.72   1.00490e-14
       4379.47   9.92250e-15
       4382.22   1.00240e-14
       4384.97   9.98800e-15
       4387.72   1.00380e-14
       4390.47   1.00650e-14
       4393.22   1.01320e-14
       4395.97   1.01580e-14
       4398.71   1.02880e-14
       4401.46   1.02220e-14
       4404.21   1.02580e-14
       4406.96   1.02550e-14
       4409.71   1.01950e-14
       4412.46   1.02920e-14
       4415.21   1.03160e-14
       4417.96   1.02900e-14
       4420.71   1.01860e-14
       4423.45   1.01350e-14
       4426.20   1.02200e-14
       4428.95   1.01320e-14
       4431.70   1.01210e-14
       4434.45   9.91760e-15
       4437.20   9.90370e-15
       4439.95   9.97710e-15
       4442.70   1.01100e-14
       4445.44   1.01560e-14
       4448.19   1.02140e-14
       4450.94   1.00270e-14
       4453.69   9.97610e-15
       4456.44   9.90420e-15
       4459.19   1.00110e-14
       4461.94   9.92920e-15
       4464.69   9.88830e-15
       4467.43   9.77180e-15
       4470.18   9.78900e-15
       4472.93   9.88070e-15
       4475.68   9.81440e-15
       4478.43   9.72980e-15
       4481.18   9.71930e-15
       4483.93   9.70520e-15
       4486.67   9.69960e-15
       4489.42   9.71360e-15
       4492.17   9.61810e-15
       4494.92   9.70120e-15
       4497.67   9.64900e-15
       4500.42   9.60170e-15
       4503.17   9.52020e-15
       4505.91   9.45270e-15
       4508.66   9.50910e-15
       4511.41   9.42590e-15
       4514.16   9.50390e-15
       4516.91   9.59220e-15
       4519.66   9.53370e-15
       4522.40   9.42820e-15
       4525.15   9.39950e-15
       4527.90   9.36290e-15
       4530.65   9.39930e-15
       4533.40   9.33830e-15
       4536.15   9.39210e-15
       4538.89   9.25820e-15
       4541.64   9.16350e-15
       4544.39   9.15800e-15
       4547.14   9.14060e-15
       4549.89   9.13910e-15
       4552.64   9.18500e-15
       4555.38   9.18370e-15
       4558.13   9.12020e-15
       4560.88   9.18750e-15
       4563.63   9.21990e-15
       4566.38   9.15520e-15
       4569.13   9.14190e-15
       4571.87   9.10920e-15
       4574.62   9.09060e-15
       4577.37   9.00410e-15
       4580.12   9.06060e-15
       4582.87   9.06570e-15
       4585.61   8.95100e-15
       4588.36   8.93350e-15
       4591.11   8.98090e-15
       4593.86   8.94870e-15
       4596.61   8.90250e-15
       4599.35   8.81660e-15
       4602.10   8.87220e-15
       4604.85   8.84710e-15
       4607.60   8.75310e-15
       4610.35   8.73200e-15
       4613.09   8.71230e-15
       4615.84   8.70260e-15
       4618.59   8.73290e-15
       4621.34   8.71800e-15
       4624.09   8.75360e-15
       4626.83   8.64870e-15
       4629.58   8.63230e-15
       4632.33   8.60040e-15
       4635.08   8.54170e-15
       4637.83   8.56580e-15
       4640.57   8.61410e-15
       4643.32   8.50090e-15
       4646.07   8.54620e-15
       4648.82   8.62620e-15
       4651.56   8.53750e-15
       4654.31   8.53200e-15
       4657.06   8.53930e-15
       4659.81   8.50810e-15
       4662.56   8.36340e-15
       4665.30   8.31670e-15
       4668.05   8.36350e-15
       4670.80   8.30560e-15
       4673.55   8.34480e-15
       4676.29   8.27150e-15
       4679.04   8.22370e-15
       4681.79   8.28540e-15
       4684.54   8.22280e-15
       4687.28   8.30830e-15
       4690.03   8.21620e-15
       4692.78   8.15630e-15
       4695.53   8.12510e-15
       4698.27   8.20950e-15
       4701.02   8.22140e-15
       4703.77   8.12080e-15
       4706.52   8.02130e-15
       4709.27   8.16680e-15
       4712.01   8.07740e-15
       4714.76   8.04810e-15
       4717.51   8.06900e-15
       4720.25   7.99960e-15
       4723.00   8.00370e-15
       4725.75   7.96610e-15
       4728.50   8.02280e-15
       4731.24   7.97080e-15
       4733.99   7.95980e-15
       4736.74   7.94750e-15
       4739.49   7.86620e-15
       4742.23   7.81450e-15
       4744.98   7.88370e-15
       4747.73   7.82100e-15
       4750.47   7.79910e-15
       4753.22   7.83940e-15
       4755.97   7.84390e-15
       4758.72   7.74670e-15
       4761.46   7.68940e-15
       4764.21   7.78380e-15
       4766.96   7.73380e-15
       4769.70   7.60100e-15
       4772.45   7.48750e-15
       4775.20   7.55920e-15
       4777.95   7.60130e-15
       4780.69   7.60730e-15
       4783.44   7.55750e-15
       4786.19   7.54820e-15
       4788.93   7.43720e-15
       4791.68   7.42560e-15
       4794.43   7.40660e-15
       4797.17   7.30770e-15
       4799.92   7.31620e-15
       4802.67   7.27130e-15
       4805.42   7.23160e-15
       4808.16   7.20430e-15
       4810.91   7.17220e-15
       4813.66   7.23290e-15
       4816.40   7.18380e-15
       4819.15   7.17540e-15
       4821.90   7.15650e-15
       4824.64   7.07490e-15
       4827.39   6.98160e-15
       4830.14   6.96660e-15
       4832.88   6.85030e-15
       4835.63   6.84520e-15
       4838.38   6.69560e-15
       4841.12   6.62010e-15
       4843.87   6.54920e-15
       4846.62   6.51240e-15
       4849.36   6.29910e-15
       4852.11   5.99250e-15
       4854.85   5.93930e-15
       4857.60   5.82630e-15
       4860.35   5.68670e-15
       4863.09   5.55150e-15
       4865.84   5.62840e-15
       4868.59   5.66880e-15
       4871.33   5.84400e-15
       4874.08   6.04600e-15
       4876.83   6.09610e-15
       4879.57   6.10680e-15
       4882.32   6.35640e-15
       4885.06   6.38400e-15
       4887.81   6.40010e-15
       4890.56   6.45170e-15
       4893.30   6.52440e-15
       4896.05   6.53280e-15
       4898.80   6.51850e-15
       4901.54   6.65270e-15
       4904.29   6.75680e-15
       4907.03   6.74550e-15
       4909.78   6.69680e-15
       4912.53   6.72880e-15
       4915.27   6.68900e-15
       4918.02   6.70960e-15
       4920.76   6.70670e-15
       4923.51   6.73520e-15
       4926.26   6.71730e-15
       4929.00   6.70100e-15
       4931.75   6.71660e-15
       4934.49   6.76530e-15
       4937.24   6.69840e-15
       4939.99   6.69890e-15
       4942.73   6.64040e-15
       4945.48   6.66870e-15
       4948.22   6.70260e-15
       4950.97   6.66480e-15
       4953.72   6.61640e-15
       4956.46   6.63880e-15
       4959.21   6.61740e-15
       4961.95   6.55330e-15
       4964.70   6.58640e-15
       4967.44   6.62910e-15
       4970.19   6.56850e-15
       4972.94   6.56170e-15
       4975.68   6.57800e-15
       4978.43   6.56930e-15
       4981.17   6.62890e-15
       4983.92   6.55370e-15
       4986.66   6.51580e-15
       4989.41   6.53770e-15
       4992.15   6.48160e-15
       4994.90   6.49010e-15
       4997.64   6.53100e-15
       5000.39   6.53560e-15
       5003.13   6.51420e-15
       5005.88   6.46470e-15
       5008.63   6.48770e-15
       5011.37   6.42910e-15
       5014.12   6.36350e-15
       5016.86   6.44870e-15
       5019.61   6.43750e-15
       5022.35   6.33770e-15
       5025.10   6.28420e-15
       5027.84   6.39570e-15
       5030.59   6.31490e-15
       5033.33   6.34430e-15
       5036.08   6.38920e-15
       5038.82   6.42190e-15
       5041.57   6.41480e-15
       5044.31   6.31200e-15
       5047.06   6.25090e-15
       5049.80   6.24400e-15
       5052.55   6.27980e-15
       5055.29   6.19010e-15
       5058.04   6.22640e-15
       5060.78   6.24950e-15
       5063.53   6.19420e-15
       5066.27   6.16670e-15
       5069.02   6.21600e-15
       5071.76   6.18460e-15
       5074.51   6.10680e-15
       5077.25   6.13810e-15
       5079.99   6.09810e-15
       5082.74   6.09270e-15
       5085.48   6.02810e-15
       5088.23   6.02600e-15
       5090.97   6.07330e-15
       5093.72   6.07300e-15
       5096.46   6.06790e-15
       5099.21   6.01260e-15
       5101.95   5.99080e-15
       5104.70   5.99570e-15
       5107.44   5.97930e-15
       5110.18   6.00610e-15
       5112.93   5.89780e-15
       5115.67   5.90750e-15
       5118.42   5.90900e-15
       5121.16   5.87330e-15
       5123.91   5.94680e-15
       5126.65   5.92490e-15
       5129.39   5.89220e-15
       5132.14   5.93710e-15
       5134.88   5.87090e-15
       5137.63   5.83350e-15
       5140.37   5.86770e-15
       5143.12   5.85010e-15
       5145.86   5.85640e-15
       5148.60   5.77730e-15
       5151.35   5.78130e-15
       5154.09   5.77990e-15
       5156.83   5.75710e-15
       5159.58   5.77620e-15
       5162.32   5.68110e-15
       5165.07   5.66490e-15
       5167.81   5.69160e-15
       5170.55   5.67820e-15
       5173.30   5.74420e-15
       5176.04   5.77730e-15
       5178.79   5.71150e-15
       5181.53   5.69410e-15
       5184.27   5.65390e-15
       5187.02   5.59960e-15
       5189.76   5.68610e-15
       5192.50   5.61260e-15
       5195.25   5.61930e-15
       5197.99   5.65670e-15
       5200.73   5.69250e-15
       5203.48   5.65990e-15
       5206.22   5.53230e-15
       5208.96   5.55620e-15
       5211.71   5.62980e-15
       5214.45   5.62090e-15
       5217.19   5.58170e-15
       5219.94   5.48310e-15
       5222.68   5.41800e-15
       5225.42   5.48530e-15
       5228.17   5.45470e-15
       5230.91   5.49130e-15
       5233.65   5.45830e-15
       5236.40   5.47670e-15
       5239.14   5.39270e-15
       5241.88   5.30960e-15
       5244.63   5.41110e-15
       5247.37   5.45010e-15
       5250.11   5.38670e-15
       5252.86   5.39440e-15
       5255.60   5.39450e-15
       5258.34   5.32750e-15
       5261.08   5.36070e-15
       5263.83   5.30050e-15
       5266.57   5.33620e-15
       5269.31   5.30520e-15
       5272.06   5.26840e-15
       5274.80   5.26880e-15
       5277.54   5.29190e-15
       5280.28   5.27240e-15
       5283.03   5.25420e-15
       5285.77   5.23590e-15
       5288.51   5.29170e-15
       5291.25   5.29670e-15
       5294.00   5.22470e-15
       5296.74   5.20540e-15
       5299.48   5.26490e-15
       5302.22   5.24960e-15
       5304.97   5.25180e-15
       5307.71   5.20190e-15
       5310.45   5.20810e-15
       5313.19   5.24550e-15
       5315.94   5.11090e-15
       5318.68   5.10480e-15
       5321.42   5.17640e-15
       5324.16   5.11810e-15
       5326.90   5.17790e-15
       5329.65   5.08400e-15
       5332.39   5.05870e-15
       5335.13   5.06860e-15
       5337.87   5.05370e-15
       5340.62   5.06590e-15
       5343.36   5.10250e-15
       5346.10   5.07330e-15
       5348.84   5.00070e-15
       5351.58   4.96020e-15
       5354.32   5.00030e-15
       5357.07   5.02660e-15
       5359.81   5.01260e-15
       5362.55   4.98520e-15
       5365.29   4.96560e-15
       5368.03   4.98350e-15
       5370.78   4.93840e-15
       5373.52   4.92280e-15
       5376.26   4.93810e-15
       5379.00   4.95030e-15
       5381.74   4.96540e-15
       5384.48   4.97350e-15
       5387.22   4.90670e-15
       5389.97   4.85980e-15
       5392.71   4.87140e-15
       5395.45   4.89400e-15
       5398.19   4.94590e-15
       5400.93   4.92490e-15
       5403.67   4.90800e-15
       5406.41   4.85070e-15
       5409.16   4.86070e-15
       5411.90   4.82630e-15
       5414.64   4.86970e-15
       5417.38   4.81820e-15
       5420.12   4.76480e-15
       5422.86   4.81100e-15
       5425.60   4.75610e-15
       5428.34   4.75660e-15
       5431.08   4.77410e-15
       5433.82   4.77880e-15
       5436.57   4.77330e-15
       5439.31   4.71490e-15
       5442.05   4.79850e-15
       5444.79   4.76220e-15
       5447.53   4.71350e-15
       5450.27   4.63560e-15
       5453.01   4.68190e-15
       5455.75   4.66310e-15
       5458.49   4.64300e-15
       5461.23   4.61900e-15
       5463.97   4.68390e-15
       5466.71   4.68240e-15
       5469.45   4.62640e-15
       5472.19   4.61960e-15
       5474.93   4.56170e-15
       5477.68   4.60490e-15
       5480.42   4.57550e-15
       5483.16   4.59750e-15
       5485.90   4.56880e-15
       5488.64   4.54960e-15
       5491.38   4.49150e-15
       5494.12   4.51550e-15
       5496.86   4.56180e-15
       5499.60   4.56500e-15
       5502.34   4.55500e-15
       5505.08   4.53660e-15
       5507.82   4.50090e-15
       5510.56   4.50240e-15
       5513.30   4.50210e-15
       5516.04   4.50230e-15
       5518.78   4.47350e-15
       5521.52   4.35230e-15
       5524.26   4.41150e-15
       5527.00   4.42280e-15
       5529.74   4.42330e-15
       5532.48   4.38200e-15
       5535.22   4.41820e-15
       5537.96   4.44440e-15
       5540.69   4.37430e-15
       5543.43   4.37410e-15
       5546.17   4.40900e-15
       5548.91   4.38160e-15
       5551.65   4.39950e-15
       5554.39   4.39240e-15
       5557.13   4.29700e-15
       5559.87   4.35420e-15
       5562.61   4.36120e-15
       5565.35   4.33420e-15
       5568.09   4.32640e-15
       5570.83   4.31060e-15
       5573.57   4.30760e-15
       5576.31   4.34620e-15
       5579.04   4.32150e-15
       5581.78   4.28410e-15
       5584.52   4.28970e-15
       5587.26   4.32970e-15
       5590.00   4.34240e-15
       5592.74   4.24820e-15
       5595.48   4.25100e-15
       5598.22   4.23620e-15
       5600.96   4.24670e-15
       5603.69   4.20600e-15
       5606.43   4.22670e-15
       5609.17   4.27800e-15
       5611.91   4.21450e-15
       5614.65   4.22780e-15
       5617.39   4.18090e-15
       5620.13   4.15050e-15
       5622.87   4.18240e-15
       5625.60   4.18990e-15
       5628.34   4.12120e-15
       5631.08   4.13340e-15
       5633.82   4.11580e-15
       5636.56   4.11600e-15
       5639.30   4.07110e-15
       5642.03   4.09610e-15
       5644.77   4.16590e-15
       5647.51   4.05100e-15
       5650.25   4.07650e-15
       5652.99   4.06120e-15
       5655.72   4.06050e-15
       5658.46   4.02530e-15
       5661.20   3.98550e-15
       5663.94   4.07670e-15
       5666.68   4.02080e-15
       5669.41   4.08450e-15
       5672.15   4.06070e-15
       5674.89   4.02740e-15
       5677.63   3.97430e-15
       5680.36   3.93460e-15
       5683.10   4.00060e-15
       5685.84   4.02040e-15
       5688.58   4.02150e-15
       5691.32   3.97550e-15
       5694.05   3.98420e-15
       8023.96   1.10050e-15
       8051.56   1.05900e-15
       8079.16   1.03150e-15
       8106.76   1.02700e-15
       8134.36   1.00800e-15
       8161.96   1.00320e-15
       8189.56   1.01020e-15
       8217.16   9.94440e-16
       8244.76   9.88660e-16
       8272.36   9.60140e-16
       8299.96   9.43930e-16
       8327.56   9.37850e-16
       8355.16   9.29060e-16
       8382.76   9.21390e-16
       8410.36   9.04000e-16
       8437.96   8.78530e-16
       8465.56   8.72320e-16
       8493.16   8.69070e-16
       8520.76   8.54070e-16
       8548.36   8.63400e-16
       8575.96   8.51710e-16
       8603.56   8.21250e-16
       8631.16   8.23980e-16
       8658.76   8.17800e-16
       8686.36   7.75410e-16
       8713.96   7.79790e-16
       8741.56   7.88020e-16
       8769.16   7.65520e-16
       8796.76   7.76370e-16
       8824.36   7.58140e-16
       8851.96   7.29470e-16
       8879.56   7.26200e-16
       8907.16   7.05650e-16
       8934.76   7.15080e-16
       8962.36   7.09880e-16
       8989.96   6.88400e-16
       9017.56   6.77500e-16
       9045.16   6.92620e-16
       9072.76   6.64030e-16
       9100.36   6.57780e-16
       9127.96   6.67420e-16
       9155.56   6.50640e-16
       9183.16   6.36970e-16
       9210.76   6.23280e-16
       9238.36   6.16270e-16
       9265.96   6.11740e-16
       9293.56   6.04460e-16
       9321.16   5.95240e-16
       9348.76   5.84400e-16
       9376.36   5.79350e-16
       9403.96   5.75170e-16
       9431.56   5.71470e-16
       9459.16   5.68430e-16
       9486.76   5.60110e-16
       9514.36   5.52280e-16
       9541.96   5.46890e-16
       9569.56   5.39340e-16
       9597.16   5.37440e-16
       9624.76   5.35720e-16
       9652.36   5.28950e-16
       9679.96   5.23700e-16
       9707.56   5.18590e-16
       9735.16   5.14530e-16
       9762.76   5.08020e-16
       9790.36   4.99000e-16
       9817.96   4.91650e-16
       9845.56   4.85070e-16
       9873.16   4.79430e-16
       9900.76   4.74510e-16
       9928.36   4.69080e-16
       9955.96   4.63460e-16
       9983.56   4.56410e-16
       10011.2   4.48100e-16
       10038.8   4.43400e-16
       10066.4   4.37440e-16
       10094.0   4.32810e-16
       10121.6   4.29270e-16
       10149.2   4.23430e-16
       10176.8   4.18280e-16
       10204.4   4.17770e-16
       10232.0   4.19490e-16
       10259.6   4.15390e-16
       10287.2   4.08940e-16
       10314.8   4.04980e-16
       10342.4   4.00550e-16
       10370.0   3.97990e-16
       10397.6   3.94350e-16
       10425.2   3.90230e-16
       10452.8   3.87740e-16
       10480.4   3.84420e-16
       10508.0   3.81890e-16
       10535.6   3.76730e-16
       10563.2   3.76430e-16
       10590.8   3.72220e-16
       10618.4   3.66220e-16
       10646.0   3.65930e-16
       10673.6   3.59060e-16
       10701.2   3.57900e-16
       10728.8   3.54170e-16
       10756.4   3.46850e-16
       10784.0   3.45730e-16
       10811.6   3.38870e-16
       10839.2   3.30380e-16
       10866.8   3.25640e-16
       10894.4   3.15860e-16
       10922.0   3.15700e-16
       10949.6   3.12240e-16
       10977.2   3.09630e-16
       11004.8   3.10630e-16
       11032.4   3.07680e-16
       11060.0   3.10450e-16
       11087.6   3.08690e-16
       11115.2   3.03670e-16
       11142.8   3.02280e-16
       11170.4   2.97420e-16
       11198.0   2.95220e-16
       11225.6   2.94640e-16
       11253.2   2.91270e-16
       11280.8   2.88560e-16
       11308.4   2.87120e-16
       11336.0   2.84910e-16
       11363.6   2.78610e-16
       11391.2   2.74840e-16
       11418.8   2.74500e-16
       11446.4   2.74490e-16
       11474.0   2.72620e-16
       11501.6   2.72180e-16
       11529.2   2.69660e-16
       11556.8   2.65350e-16
       11584.4   2.63790e-16
       11612.0   2.60900e-16
       11639.6   2.60180e-16
       11667.2   2.57300e-16
       11694.8   2.55680e-16
       11699.5   2.52020e-16
       11739.6   2.48300e-16
       11779.6   2.46370e-16
       11819.7   2.44650e-16
       11859.8   2.41820e-16
       11899.9   2.38870e-16
       11940.0   2.35140e-16
       11980.0   2.31420e-16
       12020.1   2.28580e-16
       12060.2   2.25550e-16
       12100.3   2.23850e-16
       12140.4   2.22240e-16
       12180.4   2.18400e-16
       12220.5   2.13860e-16
       12260.6   2.11160e-16
       12300.7   2.08360e-16
       12340.8   2.04600e-16
       12380.8   2.01560e-16
       12420.9   1.99200e-16
       12461.0   1.97530e-16
       12501.1   1.95080e-16
       12541.2   1.90910e-16
       12581.2   1.86950e-16
       12621.3   1.84130e-16
       12661.4   1.81970e-16
       12701.5   1.79530e-16
       12741.6   1.75650e-16
       12781.6   1.73980e-16
       12821.7   1.71300e-16
       12861.8   1.68270e-16
       12901.9   1.66850e-16
       12942.0   1.65970e-16
       12982.0   1.66410e-16
       13022.1   1.65630e-16
       13062.2   1.64590e-16
       13102.3   1.62240e-16
       13142.4   1.59840e-16
       13182.4   1.58020e-16
       13222.5   1.56360e-16
       13262.6   1.54630e-16
       13302.7   1.52810e-16
       13342.8   1.51110e-16
       13382.8   1.49800e-16
       13422.9   1.48520e-16
       13463.0   1.46400e-16
       13503.1   1.44350e-16
       13543.2   1.42600e-16
       13583.2   1.40860e-16
       13623.3   1.39650e-16
       13663.4   1.38960e-16
       13703.5   1.38460e-16
       13743.6   1.37040e-16
       13783.6   1.33910e-16
       13823.7   1.30980e-16
       13863.8   1.29990e-16
       13903.9   1.29510e-16
       13944.0   1.27930e-16
       13984.0   1.26320e-16
       14024.1   1.25680e-16
       14064.2   1.24740e-16
       14104.3   1.23210e-16
       14144.4   1.21330e-16
       14184.4   1.19220e-16
       14224.5   1.17840e-16
       14264.6   1.16710e-16
       14304.7   1.15290e-16
       14344.8   1.14200e-16
       14384.8   1.13530e-16
       14424.9   1.12420e-16
       14465.0   1.10820e-16
       14505.1   1.09280e-16
       14545.2   1.08140e-16
       14585.2   1.07390e-16
       14625.3   1.06310e-16
       14665.4   1.04750e-16
       14705.5   1.03590e-16
       14745.6   1.02780e-16
       14785.6   1.01770e-16
       14825.7   1.00640e-16
       14865.8   9.94730e-17
       14905.9   9.81570e-17
       14946.0   9.68220e-17
       14986.0   9.58660e-17
       15026.1   9.50430e-17
       15066.2   9.42280e-17
       15106.3   9.35280e-17
       15146.4   9.28060e-17
       15186.4   9.15240e-17
       15226.5   9.01730e-17
       15266.6   8.92170e-17
       15306.7   8.85550e-17
       15346.8   8.78570e-17
       15386.8   8.70240e-17
       15426.9   8.62070e-17
       15467.0   8.51400e-17
       15507.1   8.39800e-17
       15547.2   8.34630e-17
       15587.2   8.28390e-17
       15627.3   8.16380e-17
       15667.4   8.06410e-17
       15707.5   7.97900e-17
       15747.6   7.89430e-17
       15787.6   7.81850e-17
       15827.7   7.75510e-17
       15867.8   7.66660e-17
       15907.9   7.55930e-17
       15948.0   7.46770e-17
       15988.0   7.38620e-17
       16028.1   7.33900e-17
       16068.2   7.28040e-17
       16108.3   7.21100e-17
       16148.4   7.14870e-17
       16188.4   7.05590e-17
       16228.5   6.95980e-17
       16268.6   6.92440e-17
       16308.7   6.89100e-17
       16348.8   6.80970e-17
       16388.8   6.73910e-17
       16428.9   6.69110e-17
       16469.0   6.63930e-17
       16509.1   6.57630e-17
       16549.2   6.50840e-17
       16589.2   6.42400e-17
       16629.3   6.33470e-17
       16669.4   6.27530e-17
       16709.5   6.25350e-17
       16749.6   6.20710e-17
       16789.6   6.13670e-17
       16829.7   6.07410e-17
       16869.8   6.01300e-17
       16909.9   5.96360e-17
       16950.0   5.90650e-17
       16990.0   5.85250e-17
       17030.1   5.80430e-17
       17070.2   5.76860e-17
       17110.3   5.69660e-17
       17150.4   5.62170e-17
       17190.4   5.57430e-17
       17230.5   5.53150e-17
       17270.6   5.49800e-17
       17310.7   5.45370e-17
       17350.8   5.40190e-17
       17390.8   5.35440e-17
       17430.9   5.32080e-17
       17471.0   5.28030e-17
       17511.1   5.22420e-17
       17551.2   5.16410e-17
       17591.2   5.11160e-17
       17631.3   5.05650e-17
       17671.4   5.00610e-17
       17711.5   4.96050e-17
       17751.6   4.92610e-17
       17791.6   4.90540e-17
       17831.7   4.88760e-17
       17871.8   4.86540e-17
       17911.9   4.80820e-17
       17952.0   4.72750e-17
       17992.0   4.65410e-17
       18032.1   4.61560e-17
       18072.2   4.59350e-17
       18112.3   4.56980e-17
       18152.4   4.53010e-17
       18192.4   4.48950e-17
       18232.5   4.44360e-17
       18272.6   4.38300e-17
       18312.7   4.34530e-17
       18352.8   4.31360e-17
       18392.8   4.27890e-17
       18432.9   4.23570e-17
       18473.0   4.19550e-17
       18513.1   4.14350e-17
       18553.2   4.11620e-17
       18593.2   4.08650e-17
       18633.3   4.02670e-17
       18673.4   3.97580e-17
       18713.5   3.93840e-17
       18753.6   3.91150e-17
       18793.6   3.87290e-17
       18833.7   3.88440e-17
       18873.8   3.86040e-17
       18916.9   3.24390e-17
       18973.7   3.40760e-17
       19030.5   3.49870e-17
       19087.2   3.43860e-17
       19144.0   3.42180e-17
       19200.8   3.46440e-17
       19257.5   3.39330e-17
       19314.3   3.32820e-17
       19371.1   3.35200e-17
       19427.8   3.38020e-17
       19484.6   3.35200e-17
       19541.4   3.23710e-17
       19598.1   3.26490e-17
       19654.9   3.37110e-17
       19711.6   3.24530e-17
       19768.4   2.98010e-17
       19825.2   2.74160e-17
       19881.9   2.76760e-17
       19938.7   3.03230e-17
       19995.5   3.06730e-17
       20052.2   2.92630e-17
       20109.0   2.87900e-17
       20165.8   2.84350e-17
       20222.5   2.88540e-17
       20279.3   2.96140e-17
       20336.1   2.90910e-17
       20392.8   2.79390e-17
       20449.6   2.70240e-17
       20506.4   2.59530e-17
       20563.1   2.52250e-17
       20619.9   2.64320e-17
       20676.7   2.71570e-17
       20733.4   2.66920e-17
       20790.2   2.49080e-17
       20846.9   2.34750e-17
       20903.7   2.27010e-17
       20960.5   2.39100e-17
       21017.2   2.43780e-17
       21074.0   2.34020e-17
       21130.8   2.17260e-17
       21187.5   2.05150e-17
       21244.3   2.01760e-17
       21301.1   2.01460e-17
       21357.8   2.09040e-17
       21414.6   2.16320e-17
       21471.4   2.16850e-17
       21528.1   2.16600e-17
       21584.9   2.11790e-17
       21641.7   2.05260e-17
       21698.4   2.05010e-17
       21755.2   2.05220e-17
       21812.0   2.02420e-17
       21868.7   1.99420e-17
       21925.5   1.94860e-17
       21982.2   1.97590e-17
       22039.0   2.03580e-17
       22095.8   2.02540e-17
       22152.5   2.04300e-17
       22209.3   2.08240e-17
       22266.1   2.03790e-17
       22322.8   1.93990e-17
       22379.6   1.84590e-17
       22436.4   1.78680e-17
       22493.1   1.86960e-17
       22549.9   1.99440e-17
       22606.7   1.91610e-17
       22663.4   1.72670e-17
       22720.2   1.67050e-17
       22777.0   1.75800e-17
       22833.7   1.79940e-17
       22890.5   1.78730e-17
       22947.2   1.74250e-17
       23004.0   1.65190e-17
       23060.8   1.65460e-17
       23117.5   1.64560e-17
       23174.3   1.62000e-17
       23231.1   1.68810e-17
       23287.8   1.72110e-17
       23344.6   1.67230e-17
       23401.4   1.55010e-17
       23458.1   1.45040e-17
       23514.9   1.46260e-17
       23571.7   1.48990e-17
       23628.4   1.53680e-17
       23685.2   1.58040e-17
       23742.0   1.57140e-17
       23798.7   1.58190e-17
       23855.5   1.62320e-17
       23912.3   1.67490e-17
       23969.0   1.59310e-17
       24025.8   1.45660e-17
       24082.6   1.37950e-17
       24139.3   1.44530e-17
       24196.1   1.50210e-17
       24252.8   1.50230e-17
       24309.6   1.52530e-17
       24366.4   1.56290e-17
       24423.1   1.61790e-17
       24479.9   1.56300e-17
       24536.7   1.39940e-17
       24593.4   1.33540e-17
       24650.2   1.36390e-17
       24707.0   1.39540e-17
       24763.7   1.37840e-17
       24820.5   1.42030e-17
       24877.3   1.56010e-17
       24934.0   1.57170e-17
       24990.8   1.35980e-17
