       1140.31   2.01810e-13
       1140.89   2.01010e-13
       1141.48   1.97870e-13
       1142.06   2.09990e-13
       1142.64   1.97470e-13
       1143.23   1.96100e-13
       1143.81   1.93430e-13
       1144.39   2.02390e-13
       1144.98   2.12040e-13
       1145.56   2.12840e-13
       1146.15   2.18560e-13
       1146.73   2.20900e-13
       1147.31   2.19650e-13
       1147.90   2.20490e-13
       1148.48   2.20440e-13
       1149.06   2.21910e-13
       1149.65   2.14120e-13
       1150.23   2.14680e-13
       1150.82   2.19470e-13
       1151.40   2.18740e-13
       1151.98   2.17410e-13
       1152.57   2.15500e-13
       1153.15   2.21010e-13
       1153.73   2.20550e-13
       1154.32   2.21770e-13
       1154.90   2.17900e-13
       1155.49   2.21310e-13
       1156.07   2.20190e-13
       1156.65   2.19020e-13
       1157.24   2.20040e-13
       1157.82   2.19890e-13
       1158.41   2.24680e-13
       1158.99   2.29240e-13
       1159.57   2.25220e-13
       1160.16   2.26970e-13
       1160.74   2.27860e-13
       1161.32   2.28070e-13
       1161.91   2.25560e-13
       1162.49   2.20510e-13
       1163.08   2.21120e-13
       1163.66   2.20350e-13
       1164.24   2.23100e-13
       1164.83   2.25560e-13
       1165.41   2.22030e-13
       1165.99   2.25430e-13
       1166.58   2.22760e-13
       1167.16   2.19990e-13
       1167.75   2.19340e-13
       1168.33   2.20240e-13
       1168.91   2.19960e-13
       1169.50   2.16270e-13
       1170.08   2.19390e-13
       1170.66   2.22290e-13
       1171.25   2.21100e-13
       1171.83   2.18350e-13
       1172.42   2.16060e-13
       1173.00   2.18640e-13
       1173.58   2.20430e-13
       1174.17   2.19380e-13
       1174.75   2.21120e-13
       1175.33   2.17030e-13
       1175.92   2.11750e-13
       1176.50   2.14130e-13
       1177.09   2.14400e-13
       1177.67   2.13400e-13
       1178.25   2.14790e-13
       1178.84   2.15230e-13
       1179.42   2.11820e-13
       1180.00   2.07590e-13
       1180.59   2.03480e-13
       1181.17   2.04070e-13
       1181.76   2.09540e-13
       1182.34   2.07930e-13
       1182.92   2.08670e-13
       1183.51   2.05540e-13
       1184.09   2.06960e-13
       1184.67   2.07680e-13
       1185.26   2.07190e-13
       1185.84   2.03960e-13
       1186.42   2.01520e-13
       1187.01   2.01540e-13
       1187.59   1.99760e-13
       1188.18   2.01320e-13
       1188.76   1.99310e-13
       1189.34   1.94090e-13
       1189.93   1.87690e-13
       1190.51   1.85340e-13
       1191.09   1.90870e-13
       1191.68   1.90010e-13
       1192.26   1.83840e-13
       1192.85   1.79600e-13
       1193.43   1.81120e-13
       1194.01   1.82480e-13
       1194.60   1.84050e-13
       1195.18   1.82710e-13
       1195.76   1.82390e-13
       1196.35   1.82980e-13
       1196.93   1.79690e-13
       1197.51   1.77350e-13
       1198.10   1.72890e-13
       1198.68   1.67800e-13
       1199.27   1.59350e-13
       1199.85   1.55640e-13
       1200.43   1.56700e-13
       1201.02   1.59640e-13
       1201.60   1.59860e-13
       1202.18   1.59310e-13
       1202.77   1.54740e-13
       1203.35   1.52420e-13
       1203.94   1.46790e-13
       1204.52   1.43060e-13
       1205.10   1.39890e-13
       1205.69   1.34390e-13
       1206.27   1.25920e-13
       1206.85   1.22370e-13
       1207.44   1.20770e-13
       1208.02   1.16400e-13
       1208.60   1.11590e-13
       1209.19   1.05810e-13
       1209.77   9.99220e-14
       1210.36   9.29090e-14
       1210.94   8.87170e-14
       1211.52   8.27360e-14
       1212.11   7.58030e-14
       1212.69   6.76410e-14
       1213.27   5.96060e-14
       1213.86   5.24630e-14
       1214.44   4.45860e-14
       1215.02   3.75540e-14
       1215.61   3.51960e-14
       1216.19   3.83540e-14
       1216.78   4.51220e-14
       1217.36   5.26630e-14
       1217.94   5.85530e-14
       1218.53   6.35210e-14
       1219.11   7.08310e-14
       1219.69   7.64790e-14
       1220.28   8.48000e-14
       1220.86   9.04510e-14
       1221.44   9.38690e-14
       1222.03   9.95380e-14
       1222.61   1.06370e-13
       1223.20   1.10690e-13
       1223.78   1.15500e-13
       1224.36   1.19670e-13
       1224.95   1.23390e-13
       1225.53   1.27600e-13
       1226.11   1.31340e-13
       1226.70   1.34430e-13
       1227.28   1.37840e-13
       1227.86   1.41020e-13
       1228.45   1.44890e-13
       1229.03   1.45970e-13
       1229.61   1.47270e-13
       1230.20   1.51610e-13
       1230.78   1.53540e-13
       1231.37   1.54970e-13
       1231.95   1.57260e-13
       1232.53   1.60120e-13
       1233.12   1.62240e-13
       1233.70   1.63190e-13
       1234.28   1.65680e-13
       1234.87   1.69020e-13
       1235.45   1.69260e-13
       1236.03   1.69070e-13
       1236.62   1.69540e-13
       1237.20   1.72100e-13
       1237.79   1.73600e-13
       1238.37   1.72390e-13
       1238.95   1.70880e-13
       1239.54   1.75930e-13
       1240.12   1.75570e-13
       1240.70   1.75620e-13
       1241.29   1.75730e-13
       1241.87   1.75930e-13
       1242.45   1.78930e-13
       1243.04   1.77280e-13
       1243.62   1.79590e-13
       1244.20   1.78370e-13
       1244.79   1.77240e-13
       1245.37   1.77700e-13
       1245.95   1.79070e-13
       1246.54   1.78080e-13
       1247.12   1.76880e-13
       1247.71   1.76230e-13
       1248.29   1.76190e-13
       1248.87   1.77610e-13
       1249.46   1.79260e-13
       1250.04   1.78230e-13
       1250.62   1.77600e-13
       1251.21   1.77430e-13
       1251.79   1.77040e-13
       1252.37   1.75900e-13
       1252.96   1.76020e-13
       1253.54   1.74960e-13
       1254.12   1.76980e-13
       1254.71   1.77440e-13
       1255.29   1.77110e-13
       1255.88   1.75360e-13
       1256.46   1.75140e-13
       1257.04   1.74370e-13
       1257.63   1.73250e-13
       1258.21   1.71090e-13
       1258.79   1.67050e-13
       1259.38   1.62640e-13
       1259.96   1.57770e-13
       1260.54   1.61030e-13
       1261.13   1.67780e-13
       1261.71   1.70790e-13
       1262.29   1.71720e-13
       1262.88   1.71930e-13
       1263.46   1.72180e-13
       1264.04   1.72710e-13
       1264.63   1.72990e-13
       1265.21   1.72580e-13
       1265.80   1.72940e-13
       1266.38   1.73310e-13
       1266.96   1.73820e-13
       1267.55   1.72590e-13
       1268.13   1.71960e-13
       1268.71   1.72940e-13
       1269.30   1.71890e-13
       1269.88   1.72090e-13
       1270.46   1.72270e-13
       1271.05   1.72700e-13
       1271.63   1.69680e-13
       1272.21   1.69440e-13
       1272.80   1.68260e-13
       1273.38   1.68800e-13
       1273.96   1.69520e-13
       1274.55   1.68330e-13
       1275.13   1.67570e-13
       1275.71   1.67220e-13
       1276.30   1.66730e-13
       1276.88   1.67330e-13
       1277.46   1.69040e-13
       1278.05   1.68880e-13
       1278.63   1.69480e-13
       1279.22   1.67860e-13
       1279.80   1.68530e-13
       1280.38   1.68930e-13
       1280.97   1.67850e-13
       1281.55   1.67000e-13
       1282.13   1.67360e-13
       1282.72   1.68840e-13
       1283.30   1.68470e-13
       1283.88   1.67220e-13
       1284.47   1.67060e-13
       1285.05   1.67850e-13
       1285.63   1.67620e-13
       1286.22   1.67220e-13
       1286.80   1.65310e-13
       1287.38   1.65280e-13
       1287.97   1.66190e-13
       1288.55   1.64710e-13
       1289.13   1.64320e-13
       1289.72   1.63600e-13
       1290.30   1.64460e-13
       1290.88   1.65900e-13
       1291.47   1.62980e-13
       1292.05   1.61890e-13
       1292.63   1.61020e-13
       1293.22   1.61720e-13
       1293.80   1.62140e-13
       1294.39   1.62910e-13
       1294.97   1.62070e-13
       1295.55   1.62080e-13
       1296.14   1.58500e-13
       1296.72   1.57980e-13
       1297.30   1.60280e-13
       1297.89   1.59730e-13
       1298.47   1.57610e-13
       1299.05   1.58640e-13
       1299.64   1.58600e-13
       1300.22   1.56130e-13
       1300.80   1.53470e-13
       1301.39   1.47080e-13
       1301.97   1.42940e-13
       1302.55   1.47130e-13
       1303.14   1.49630e-13
       1303.72   1.47880e-13
       1304.30   1.49390e-13
       1304.89   1.55240e-13
       1305.47   1.56140e-13
       1306.05   1.55560e-13
       1306.64   1.56010e-13
       1307.22   1.58140e-13
       1307.80   1.57330e-13
       1308.39   1.56930e-13
       1308.97   1.55190e-13
       1309.55   1.56640e-13
       1310.14   1.57130e-13
       1310.72   1.57860e-13
       1311.30   1.56370e-13
       1311.89   1.54240e-13
       1312.47   1.54350e-13
       1313.05   1.55120e-13
       1313.64   1.55020e-13
       1314.22   1.54260e-13
       1314.80   1.52960e-13
       1315.39   1.53450e-13
       1315.97   1.54050e-13
       1316.55   1.52480e-13
       1317.14   1.52850e-13
       1317.72   1.52240e-13
       1318.31   1.52990e-13
       1318.89   1.52550e-13
       1319.47   1.53360e-13
       1320.06   1.53690e-13
       1320.64   1.53230e-13
       1321.22   1.53600e-13
       1321.81   1.53780e-13
       1322.39   1.53120e-13
       1322.97   1.52210e-13
       1323.56   1.51370e-13
       1324.14   1.51390e-13
       1324.72   1.53110e-13
       1325.31   1.51980e-13
       1325.89   1.52170e-13
       1326.47   1.49810e-13
       1327.06   1.50100e-13
       1327.64   1.50760e-13
       1328.22   1.50700e-13
       1328.81   1.49370e-13
       1329.39   1.48420e-13
       1329.97   1.47760e-13
       1330.56   1.50150e-13
       1331.14   1.48460e-13
       1331.72   1.48150e-13
       1332.31   1.45910e-13
       1332.89   1.43660e-13
       1333.47   1.39430e-13
       1334.06   1.31700e-13
       1334.64   1.34440e-13
       1335.22   1.40370e-13
       1335.81   1.44080e-13
       1336.39   1.46380e-13
       1336.97   1.46410e-13
       1337.56   1.46180e-13
       1338.14   1.45270e-13
       1338.72   1.47750e-13
       1339.31   1.45970e-13
       1339.89   1.46600e-13
       1340.47   1.45000e-13
       1341.06   1.45790e-13
       1341.64   1.45220e-13
       1342.22   1.45580e-13
       1342.81   1.45870e-13
       1343.39   1.45060e-13
       1343.97   1.44740e-13
       1344.56   1.45890e-13
       1345.14   1.44420e-13
       1345.72   1.44930e-13
       1346.31   1.45770e-13
       1346.89   1.45440e-13
       1347.47   1.44270e-13
       1348.06   1.44270e-13
       1348.64   1.45160e-13
       1349.22   1.44920e-13
       1349.81   1.45910e-13
       1350.39   1.45340e-13
       1350.97   1.43160e-13
       1351.56   1.43100e-13
       1352.14   1.42390e-13
       1352.72   1.42820e-13
       1353.31   1.43460e-13
       1353.89   1.42730e-13
       1354.47   1.41420e-13
       1355.06   1.41200e-13
       1355.64   1.40920e-13
       1356.22   1.40430e-13
       1356.81   1.41210e-13
       1357.39   1.39770e-13
       1357.97   1.38090e-13
       1358.55   1.40320e-13
       1359.14   1.40500e-13
       1359.72   1.38610e-13
       1360.30   1.40050e-13
       1360.89   1.40020e-13
       1361.47   1.38870e-13
       1362.05   1.39950e-13
       1362.64   1.40170e-13
       1363.22   1.39600e-13
       1363.80   1.39170e-13
       1364.39   1.38910e-13
       1364.97   1.39450e-13
       1365.55   1.37630e-13
       1366.14   1.40340e-13
       1366.72   1.37110e-13
       1367.30   1.36540e-13
       1367.89   1.37560e-13
       1368.47   1.35840e-13
       1369.05   1.36770e-13
       1369.64   1.35740e-13
       1370.22   1.36250e-13
       1370.80   1.34830e-13
       1371.39   1.34900e-13
       1371.97   1.35220e-13
       1372.55   1.34330e-13
       1373.14   1.33520e-13
       1373.72   1.33420e-13
       1374.30   1.34530e-13
       1374.89   1.33940e-13
       1375.47   1.34530e-13
       1376.05   1.33530e-13
       1376.64   1.33720e-13
       1377.22   1.33490e-13
       1377.80   1.32470e-13
       1378.39   1.32750e-13
       1378.97   1.33410e-13
       1379.55   1.34030e-13
       1380.14   1.34050e-13
       1380.72   1.33320e-13
       1381.30   1.32160e-13
       1381.89   1.31070e-13
       1382.47   1.34180e-13
       1383.05   1.34100e-13
       1383.63   1.31940e-13
       1384.22   1.31820e-13
       1384.80   1.30900e-13
       1385.38   1.30820e-13
       1385.97   1.31710e-13
       1386.55   1.30500e-13
       1387.13   1.31620e-13
       1387.72   1.30930e-13
       1388.30   1.30110e-13
       1388.88   1.30440e-13
       1389.47   1.29160e-13
       1390.05   1.28930e-13
       1390.63   1.29530e-13
       1391.22   1.29390e-13
       1391.80   1.29090e-13
       1392.38   1.27590e-13
       1392.97   1.27170e-13
       1393.55   1.25070e-13
       1394.13   1.23040e-13
       1394.72   1.24340e-13
       1395.30   1.25630e-13
       1395.88   1.26450e-13
       1396.47   1.25230e-13
       1397.05   1.27340e-13
       1397.63   1.27180e-13
       1398.21   1.27810e-13
       1398.80   1.27240e-13
       1399.38   1.27420e-13
       1399.96   1.26260e-13
       1400.55   1.26040e-13
       1401.13   1.25430e-13
       1401.71   1.25090e-13
       1402.30   1.25650e-13
       1402.88   1.23630e-13
       1403.46   1.22180e-13
       1404.05   1.24710e-13
       1404.63   1.25750e-13
       1405.21   1.26620e-13
       1405.80   1.25070e-13
       1406.38   1.23700e-13
       1406.96   1.25630e-13
       1407.55   1.24780e-13
       1408.13   1.24230e-13
       1408.71   1.25450e-13
       1409.30   1.25560e-13
       1409.88   1.27760e-13
       1410.46   1.26330e-13
       1411.04   1.23720e-13
       1411.63   1.22930e-13
       1412.21   1.22640e-13
       1412.79   1.23310e-13
       1413.38   1.22380e-13
       1413.96   1.21890e-13
       1414.54   1.22550e-13
       1415.13   1.23030e-13
       1415.71   1.23800e-13
       1416.29   1.21750e-13
       1416.88   1.21840e-13
       1417.46   1.21130e-13
       1418.04   1.21010e-13
       1418.63   1.21000e-13
       1419.21   1.21230e-13
       1419.79   1.20120e-13
       1420.37   1.18900e-13
       1420.96   1.19910e-13
       1421.54   1.19260e-13
       1422.12   1.19970e-13
       1422.71   1.20240e-13
       1423.29   1.19260e-13
       1423.87   1.19940e-13
       1424.46   1.20890e-13
       1425.04   1.19000e-13
       1425.62   1.21340e-13
       1426.21   1.21250e-13
       1426.79   1.20920e-13
       1427.37   1.21880e-13
       1427.96   1.20940e-13
       1428.54   1.21040e-13
       1429.12   1.20090e-13
       1429.70   1.21640e-13
       1430.29   1.19730e-13
       1430.87   1.19840e-13
       1431.45   1.18670e-13
       1432.04   1.19290e-13
       1432.62   1.18630e-13
       1433.20   1.18040e-13
       1433.79   1.18750e-13
       1434.37   1.17990e-13
       1434.95   1.18460e-13
       1435.54   1.17670e-13
       1436.12   1.15020e-13
       1436.70   1.15070e-13
       1437.29   1.16040e-13
       1437.87   1.15970e-13
       1438.45   1.15730e-13
       1439.03   1.15080e-13
       1439.62   1.15290e-13
       1440.20   1.13720e-13
       1440.78   1.14460e-13
       1441.37   1.13780e-13
       1441.95   1.14300e-13
       1442.53   1.15640e-13
       1443.12   1.15430e-13
       1443.70   1.14930e-13
       1444.28   1.15650e-13
       1444.86   1.14820e-13
       1445.45   1.14330e-13
       1446.03   1.15170e-13
       1446.61   1.15270e-13
       1447.20   1.15830e-13
       1447.78   1.15550e-13
       1448.36   1.13420e-13
       1448.95   1.14230e-13
       1449.53   1.14790e-13
       1450.11   1.13630e-13
       1450.70   1.14580e-13
       1451.28   1.14190e-13
       1451.86   1.12150e-13
       1452.44   1.13700e-13
       1453.03   1.13910e-13
       1453.61   1.10730e-13
       1454.19   1.10350e-13
       1454.78   1.11430e-13
       1455.36   1.12780e-13
       1455.94   1.11300e-13
       1456.53   1.12800e-13
       1457.11   1.12480e-13
       1457.69   1.12320e-13
       1458.28   1.12160e-13
       1458.86   1.11700e-13
       1459.44   1.11350e-13
       1460.02   1.11390e-13
       1460.61   1.11300e-13
       1461.19   1.10590e-13
       1461.77   1.11440e-13
       1462.36   1.09490e-13
       1462.94   1.09910e-13
       1463.52   1.11160e-13
       1464.11   1.09820e-13
       1464.69   1.10030e-13
       1465.27   1.10710e-13
       1465.85   1.09600e-13
       1466.44   1.08830e-13
       1467.02   1.08740e-13
       1467.60   1.10130e-13
       1468.19   1.07500e-13
       1468.77   1.08270e-13
       1469.35   1.09090e-13
       1469.94   1.08930e-13
       1470.52   1.08190e-13
       1471.10   1.07730e-13
       1471.68   1.07390e-13
       1472.27   1.08460e-13
       1472.85   1.09300e-13
       1473.43   1.08660e-13
       1474.02   1.06310e-13
       1474.60   1.07790e-13
       1475.18   1.09110e-13
       1475.77   1.08100e-13
       1476.35   1.06570e-13
       1476.93   1.05630e-13
       1477.51   1.07200e-13
       1478.10   1.08190e-13
       1478.68   1.07450e-13
       1479.26   1.06990e-13
       1479.85   1.08070e-13
       1480.43   1.07590e-13
       1481.01   1.07170e-13
       1481.60   1.05270e-13
       1482.18   1.06930e-13
       1482.76   1.04960e-13
       1483.34   1.04090e-13
       1483.93   1.05220e-13
       1484.51   1.03700e-13
       1485.09   1.02670e-13
       1485.68   1.04200e-13
       1486.26   1.04490e-13
       1486.84   1.04050e-13
       1487.43   1.04290e-13
       1488.01   1.03010e-13
       1488.59   1.02090e-13
       1489.17   1.03170e-13
       1489.76   1.02420e-13
       1490.34   1.02970e-13
       1490.92   1.01800e-13
       1491.51   1.02120e-13
       1492.09   1.01820e-13
       1492.67   1.02350e-13
       1493.26   1.02990e-13
       1493.84   1.03460e-13
       1494.42   1.01710e-13
       1495.00   1.01580e-13
       1495.59   1.03060e-13
       1496.17   1.04290e-13
       1496.75   1.02450e-13
       1497.34   1.01910e-13
       1497.92   1.01810e-13
       1498.50   1.02310e-13
       1499.08   1.01720e-13
       1499.67   1.02020e-13
       1500.25   1.02940e-13
       1500.83   1.02390e-13
       1501.42   1.02230e-13
       1502.00   1.01040e-13
       1502.58   1.00070e-13
       1503.17   1.01960e-13
       1503.75   1.02150e-13
       1504.33   1.02090e-13
       1504.91   1.00140e-13
       1505.50   1.00760e-13
       1506.08   1.01940e-13
       1506.66   1.01610e-13
       1507.25   9.95210e-14
       1507.83   9.96990e-14
       1508.41   9.94880e-14
       1508.99   9.93550e-14
       1509.58   9.70870e-14
       1510.16   9.87810e-14
       1510.74   1.00440e-13
       1511.33   9.86600e-14
       1511.91   9.78950e-14
       1512.49   9.89020e-14
       1513.07   9.83810e-14
       1513.66   9.87950e-14
       1514.24   9.98890e-14
       1514.82   9.99520e-14
       1515.41   1.00020e-13
       1515.99   9.88820e-14
       1516.57   9.85870e-14
       1517.15   9.70480e-14
       1517.74   9.72940e-14
       1518.32   9.61140e-14
       1518.90   9.61460e-14
       1519.49   9.66310e-14
       1520.07   9.82360e-14
       1520.65   9.66900e-14
       1521.24   9.66460e-14
       1521.82   9.62780e-14
       1522.40   9.71680e-14
       1522.98   9.60620e-14
       1523.57   9.61290e-14
       1524.15   9.52180e-14
       1524.73   9.18850e-14
       1525.32   9.46060e-14
       1525.90   9.03630e-14
       1526.48   8.39110e-14
       1527.06   8.94960e-14
       1527.65   9.30180e-14
       1528.23   9.40610e-14
       1528.81   9.57030e-14
       1529.40   9.62940e-14
       1529.98   9.48890e-14
       1530.56   9.46220e-14
       1531.14   9.53670e-14
       1531.73   9.30370e-14
       1532.31   9.44750e-14
       1532.89   9.41840e-14
       1533.48   9.34420e-14
       1534.06   9.48630e-14
       1534.64   9.43080e-14
       1535.22   9.23660e-14
       1535.81   9.21670e-14
       1536.39   9.31230e-14
       1536.97   9.20590e-14
       1537.56   9.39640e-14
       1538.14   9.33660e-14
       1538.72   9.32600e-14
       1539.30   9.24860e-14
       1539.89   9.20270e-14
       1540.47   9.29260e-14
       1541.05   9.27940e-14
       1541.64   9.35820e-14
       1542.22   9.29210e-14
       1542.80   9.22840e-14
       1543.38   9.36350e-14
       1543.97   9.14660e-14
       1544.55   9.16450e-14
       1545.13   9.30060e-14
       1545.72   9.34120e-14
       1546.30   9.33740e-14
       1546.88   9.47920e-14
       1547.46   9.23680e-14
       1548.05   9.01630e-14
       1548.63   8.92260e-14
       1549.21   9.05870e-14
       1549.79   9.09280e-14
       1550.38   9.19640e-14
       1550.96   9.21150e-14
       1551.54   9.31620e-14
       1552.13   9.28590e-14
       1552.71   9.16310e-14
       1553.29   9.13100e-14
       1553.87   8.96220e-14
       1554.46   8.88150e-14
       1555.04   8.97370e-14
       1555.62   9.08300e-14
       1556.21   9.17520e-14
       1556.79   8.96760e-14
       1557.37   9.09490e-14
       1557.95   8.88000e-14
       1558.54   8.92950e-14
       1559.12   9.07260e-14
       1559.70   9.16010e-14
       1560.29   8.86020e-14
       1560.87   8.84880e-14
       1561.45   8.87900e-14
       1562.03   8.92630e-14
       1562.62   9.06590e-14
       1563.20   8.76690e-14
       1563.78   8.89910e-14
       1564.36   8.96420e-14
       1564.95   8.83580e-14
       1565.53   8.76140e-14
       1566.11   8.87130e-14
       1566.70   9.05060e-14
       1567.28   8.88210e-14
       1567.86   8.80450e-14
       1568.44   8.77720e-14
       1569.03   8.82840e-14
       1569.61   8.83180e-14
       1570.19   8.57410e-14
       1570.78   8.80700e-14
       1571.36   8.85850e-14
       1571.94   8.70050e-14
       1572.52   8.72470e-14
       1573.11   8.73190e-14
       1573.69   8.59910e-14
       1574.27   8.90880e-14
       1574.85   8.96350e-14
       1575.44   8.57050e-14
       1576.02   8.82020e-14
       1576.60   8.55360e-14
       1577.19   8.59270e-14
       1577.77   8.65350e-14
       1578.35   8.68140e-14
       1578.93   8.60870e-14
       1579.52   8.61320e-14
       1580.10   8.53840e-14
       1580.68   8.61880e-14
       1581.26   8.55110e-14
       1581.85   8.62420e-14
       1582.43   8.68880e-14
       1583.01   8.46570e-14
       1583.60   8.51140e-14
       1584.18   8.60280e-14
       1584.76   8.48640e-14
       1585.34   8.55810e-14
       1585.93   8.49650e-14
       1586.51   8.59780e-14
       1587.09   8.44190e-14
       1587.67   8.44270e-14
       1588.26   8.63600e-14
       1588.84   8.60810e-14
       1589.42   8.44780e-14
       1590.01   8.36750e-14
       1590.59   8.46330e-14
       1591.17   8.46800e-14
       1591.75   8.41540e-14
       1592.34   8.63360e-14
       1592.92   8.56890e-14
       1593.50   8.36610e-14
       1594.08   8.02790e-14
       1594.67   8.18150e-14
       1595.25   8.19730e-14
       1595.83   8.40040e-14
       1596.42   8.17490e-14
       1597.00   8.27050e-14
       1597.58   8.37010e-14
       1598.16   8.23810e-14
       1598.75   8.21150e-14
       1599.33   8.34270e-14
       1599.91   8.36270e-14
       1600.49   8.28760e-14
       1601.08   8.21330e-14
       1601.66   8.32130e-14
       1602.24   8.20400e-14
       1602.83   8.30160e-14
       1603.41   8.31300e-14
       1603.99   8.20270e-14
       1604.57   8.24830e-14
       1605.16   8.25000e-14
       1605.74   8.27010e-14
       1606.32   8.12340e-14
       1606.90   8.14700e-14
       1607.49   7.89430e-14
       1608.07   7.97920e-14
       1608.65   8.20960e-14
       1609.23   8.20430e-14
       1609.82   8.21990e-14
       1610.40   8.00330e-14
       1610.98   8.23990e-14
       1611.57   8.35690e-14
       1612.15   8.13570e-14
       1612.73   7.95070e-14
       1613.31   8.13370e-14
       1613.90   8.07450e-14
       1614.48   7.93420e-14
       1615.06   8.04380e-14
       1615.64   7.98700e-14
       1616.23   7.93860e-14
       1616.81   8.06010e-14
       1617.39   7.92670e-14
       1617.97   7.88640e-14
       1618.56   7.98120e-14
       1619.14   7.84310e-14
       1619.72   7.99740e-14
       1620.31   8.02110e-14
       1620.89   8.00190e-14
       1621.47   8.16230e-14
       1622.05   7.94550e-14
       1622.64   7.87920e-14
       1623.22   7.86360e-14
       1623.80   7.82940e-14
       1624.38   7.74610e-14
       1624.97   7.93190e-14
       1625.55   7.97590e-14
       1626.13   8.02820e-14
       1626.71   7.97820e-14
       1627.30   7.80320e-14
       1627.88   8.03750e-14
       1628.46   7.59310e-14
       1629.04   7.86820e-14
       1629.63   7.81740e-14
       1630.21   7.58660e-14
       1630.79   7.84400e-14
       1631.38   7.78890e-14
       1631.96   7.61810e-14
       1632.54   7.79770e-14
       1633.12   7.64720e-14
       1633.71   7.50000e-14
       1634.29   7.69460e-14
       1634.87   7.73240e-14
       1635.45   7.77910e-14
       1636.04   7.63540e-14
       1636.62   7.61190e-14
       1637.20   7.50650e-14
       1637.78   7.35230e-14
       1638.37   7.61830e-14
       1638.95   7.72980e-14
       1639.53   7.69090e-14
       1640.11   7.49370e-14
       1640.70   7.50920e-14
       1641.28   7.51230e-14
       1641.86   7.40000e-14
       1642.44   7.56410e-14
       1643.03   7.50770e-14
       1643.61   7.50090e-14
       1644.19   7.41020e-14
       1644.77   7.50540e-14
       1645.36   7.42180e-14
       1645.94   7.28380e-14
       1646.52   7.41640e-14
       1647.11   7.33660e-14
       1647.69   7.24970e-14
       1648.27   7.55840e-14
       1648.85   7.38900e-14
       1649.44   7.45530e-14
       1650.02   7.42050e-14
       1650.60   7.39960e-14
       1651.18   7.35970e-14
       1651.77   7.48870e-14
       1652.35   7.35390e-14
       1652.93   7.38370e-14
       1653.51   7.42180e-14
       1654.10   7.32210e-14
       1654.68   7.55840e-14
       1655.26   7.46910e-14
       1655.84   7.26740e-14
       1656.43   7.30190e-14
       1657.01   7.30390e-14
       1657.59   7.21800e-14
       1658.17   7.12840e-14
       1658.76   7.07570e-14
       1659.34   7.19750e-14
       1659.92   7.07930e-14
       1660.50   7.18820e-14
       1661.09   7.15860e-14
       1661.67   7.34650e-14
       1662.25   7.16600e-14
       1662.83   7.03540e-14
       1663.42   7.06760e-14
       1664.00   7.16240e-14
       1664.58   7.23530e-14
       1665.16   7.17680e-14
       1665.75   7.31140e-14
       1666.33   7.09450e-14
       1666.91   7.26170e-14
       1667.49   7.16410e-14
       1668.08   7.03390e-14
       1668.66   7.17940e-14
       1669.24   7.04160e-14
       1669.82   6.76960e-14
       1670.41   6.52570e-14
       1670.99   6.66770e-14
       1671.57   6.89350e-14
       1672.15   6.85170e-14
       1672.74   6.94200e-14
       1673.32   7.05480e-14
       1673.90   7.24730e-14
       1674.48   6.95800e-14
       1675.07   6.78670e-14
       1675.65   7.10920e-14
       1676.23   7.07270e-14
       1676.81   6.94290e-14
       1677.40   7.02180e-14
       1677.98   6.87380e-14
       1678.14   7.00960e-14
       1679.69   7.05300e-14
       1681.23   7.12950e-14
       1682.78   7.19870e-14
       1684.32   7.00740e-14
       1685.87   7.12630e-14
       1687.41   7.10180e-14
       1688.95   6.94500e-14
       1690.50   6.94150e-14
       1692.04   6.87910e-14
       1693.59   6.91740e-14
       1695.13   6.88260e-14
       1696.68   6.91680e-14
       1698.22   6.87110e-14
       1699.76   6.80180e-14
       1701.31   6.92250e-14
       1702.85   6.89010e-14
       1704.40   6.86980e-14
       1705.94   6.73160e-14
       1707.49   6.73580e-14
       1709.03   6.71800e-14
       1710.57   6.68500e-14
       1712.12   6.74440e-14
       1713.66   6.75330e-14
       1715.21   6.56380e-14
       1716.75   6.58980e-14
       1718.30   6.66110e-14
       1719.84   6.65260e-14
       1721.38   6.65680e-14
       1722.93   6.57690e-14
       1724.47   6.54390e-14
       1726.02   6.49710e-14
       1727.56   6.39190e-14
       1729.11   6.54390e-14
       1730.65   6.42630e-14
       1732.20   6.42870e-14
       1733.74   6.39430e-14
       1735.28   6.39880e-14
       1736.83   6.47090e-14
       1738.37   6.37620e-14
       1739.92   6.32960e-14
       1741.46   6.25740e-14
       1743.01   6.41700e-14
       1744.55   6.27040e-14
       1746.10   6.22690e-14
       1747.64   6.24690e-14
       1749.19   6.27600e-14
       1750.73   6.18710e-14
       1752.27   6.11360e-14
       1753.82   6.19110e-14
       1755.36   6.13100e-14
       1756.91   6.15870e-14
       1758.45   6.03170e-14
       1760.00   6.08570e-14
       1761.54   6.13460e-14
       1763.09   6.07660e-14
       1764.63   6.00200e-14
       1766.18   6.10250e-14
       1767.72   6.08120e-14
       1769.27   5.94640e-14
       1770.81   5.95810e-14
       1772.35   6.01630e-14
       1773.90   5.94630e-14
       1775.44   5.84940e-14
       1776.99   5.91960e-14
       1778.53   5.79780e-14
       1780.08   5.77740e-14
       1781.62   5.80000e-14
       1783.17   5.89680e-14
       1784.71   5.91530e-14
       1786.26   5.86300e-14
       1787.80   5.86900e-14
       1789.35   5.81520e-14
       1790.89   5.83830e-14
       1792.44   5.76920e-14
       1793.98   5.70330e-14
       1795.53   5.77610e-14
       1797.07   5.66990e-14
       1798.62   5.72400e-14
       1800.16   5.67710e-14
       1801.71   5.69950e-14
       1803.25   5.65050e-14
       1804.80   5.63690e-14
       1806.34   5.64410e-14
       1807.89   5.53460e-14
       1809.43   5.54320e-14
       1810.97   5.62080e-14
       1812.52   5.56560e-14
       1814.06   5.54990e-14
       1815.61   5.40830e-14
       1817.15   5.47620e-14
       1818.70   5.45980e-14
       1820.24   5.51830e-14
       1821.79   5.50030e-14
       1823.33   5.42380e-14
       1824.88   5.30030e-14
       1826.42   5.30250e-14
       1827.97   5.30910e-14
       1829.51   5.33650e-14
       1831.06   5.36040e-14
       1832.60   5.33300e-14
       1834.15   5.26820e-14
       1835.69   5.27840e-14
       1837.24   5.25940e-14
       1838.79   5.28270e-14
       1840.33   5.14630e-14
       1841.88   5.16320e-14
       1843.42   5.19110e-14
       1844.97   5.15160e-14
       1846.51   5.16530e-14
       1848.06   5.22980e-14
       1849.60   5.21710e-14
       1851.15   5.11870e-14
       1852.69   5.11010e-14
       1854.24   5.08290e-14
       1855.78   5.05500e-14
       1857.33   5.02470e-14
       1858.87   5.09150e-14
       1860.42   5.07990e-14
       1861.96   5.01600e-14
       1863.51   5.02280e-14
       1865.05   5.03980e-14
       1866.60   5.01480e-14
       1868.14   5.03870e-14
       1869.69   5.05040e-14
       1871.23   5.00200e-14
       1872.78   5.03290e-14
       1874.32   4.97190e-14
       1875.87   4.99830e-14
       1877.42   4.95940e-14
       1878.96   4.95740e-14
       1880.51   4.96230e-14
       1882.05   4.95250e-14
       1883.60   4.88300e-14
       1885.14   4.94370e-14
       1886.69   4.88350e-14
       1888.23   4.84640e-14
       1889.78   4.79240e-14
       1891.32   4.82460e-14
       1892.87   4.90700e-14
       1894.41   4.80810e-14
       1895.96   4.79540e-14
       1897.50   4.72920e-14
       1899.05   4.78230e-14
       1900.60   4.73230e-14
       1902.14   4.75860e-14
       1903.69   4.73630e-14
       1905.23   4.61460e-14
       1906.78   4.71900e-14
       1908.32   4.59030e-14
       1909.87   4.55340e-14
       1911.41   4.67330e-14
       1912.96   4.66780e-14
       1914.51   4.59870e-14
       1916.05   4.53690e-14
       1917.60   4.55240e-14
       1919.14   4.54190e-14
       1920.69   4.51740e-14
       1922.23   4.53370e-14
       1923.78   4.47690e-14
       1925.32   4.44930e-14
       1926.87   4.49600e-14
       1928.42   4.42060e-14
       1929.96   4.41080e-14
       1931.51   4.41480e-14
       1933.05   4.35920e-14
       1934.60   4.49240e-14
       1936.14   4.42960e-14
       1937.69   4.40490e-14
       1939.23   4.39500e-14
       1940.78   4.32650e-14
       1942.33   4.33410e-14
       1943.87   4.35520e-14
       1945.42   4.38570e-14
       1946.96   4.37340e-14
       1948.51   4.31340e-14
       1950.05   4.34520e-14
       1951.60   4.28920e-14
       1953.15   4.24940e-14
       1954.69   4.26630e-14
       1956.24   4.24360e-14
       1957.78   4.26960e-14
       1959.33   4.23010e-14
       1960.88   4.26530e-14
       1962.42   4.19010e-14
       1963.97   4.22800e-14
       1965.51   4.12450e-14
       1967.06   4.22580e-14
       1968.60   4.23290e-14
       1970.15   4.18060e-14
       1971.70   4.15400e-14
       1973.24   4.12800e-14
       1974.79   4.20160e-14
       1976.33   4.17120e-14
       1977.88   4.12050e-14
       1979.43   4.16150e-14
       1980.97   4.13170e-14
       1982.52   4.11170e-14
       1984.06   4.07360e-14
       1985.61   4.06370e-14
       1987.16   3.98690e-14
       1988.70   4.00680e-14
       1990.25   4.08660e-14
       1991.79   4.00750e-14
       1993.34   4.01440e-14
       1994.89   3.93500e-14
       1996.43   3.97920e-14
       1997.98   3.94050e-14
       1999.52   3.92080e-14
       2001.07   3.95850e-14
       2002.62   3.95440e-14
       2004.16   3.92730e-14
       2005.71   3.94530e-14
       2007.25   3.87230e-14
       2008.80   3.84640e-14
       2010.35   3.88600e-14
       2011.89   3.80620e-14
       2013.44   3.84110e-14
       2014.98   3.82620e-14
       2016.53   3.80830e-14
       2018.08   3.79900e-14
       2019.62   3.76840e-14
       2021.17   3.79180e-14
       2022.71   3.76860e-14
       2024.26   3.73910e-14
       2025.81   3.74330e-14
       2027.35   3.79110e-14
       2028.90   3.80190e-14
       2030.45   3.74450e-14
       2031.99   3.68480e-14
       2033.54   3.70570e-14
       2035.08   3.74490e-14
       2036.63   3.70070e-14
       2038.18   3.71270e-14
       2039.72   3.67600e-14
       2041.27   3.72130e-14
       2042.82   3.72600e-14
       2044.36   3.68710e-14
       2045.91   3.66120e-14
       2047.45   3.69080e-14
       2049.00   3.70110e-14
       2050.55   3.69860e-14
       2052.09   3.66730e-14
       2053.64   3.61750e-14
       2055.19   3.66500e-14
       2056.73   3.64370e-14
       2058.28   3.65590e-14
       2059.83   3.59690e-14
       2061.37   3.58770e-14
       2062.92   3.61120e-14
       2064.46   3.59110e-14
       2066.01   3.60460e-14
       2067.56   3.57720e-14
       2069.10   3.58140e-14
       2070.65   3.60750e-14
       2072.20   3.55190e-14
       2073.74   3.53860e-14
       2075.29   3.54700e-14
       2076.84   3.53230e-14
       2078.38   3.46870e-14
       2079.93   3.50380e-14
       2081.48   3.50360e-14
       2083.02   3.47950e-14
       2084.57   3.46180e-14
       2086.11   3.44640e-14
       2087.66   3.46240e-14
       2089.21   3.43500e-14
       2090.75   3.40790e-14
       2092.30   3.38780e-14
       2093.85   3.41150e-14
       2095.39   3.38780e-14
       2096.94   3.39850e-14
       2098.49   3.38540e-14
       2100.03   3.38810e-14
       2101.58   3.36590e-14
       2103.13   3.36550e-14
       2104.67   3.35310e-14
       2106.22   3.35470e-14
       2107.77   3.32430e-14
       2109.31   3.32690e-14
       2110.86   3.29450e-14
       2112.41   3.28480e-14
       2113.95   3.27480e-14
       2115.50   3.28010e-14
       2117.05   3.29050e-14
       2118.59   3.30580e-14
       2120.14   3.26250e-14
       2121.69   3.23390e-14
       2123.23   3.21260e-14
       2124.78   3.26200e-14
       2126.33   3.25640e-14
       2127.87   3.24480e-14
       2129.42   3.21380e-14
       2130.97   3.23230e-14
       2132.52   3.19580e-14
       2134.06   3.19190e-14
       2135.61   3.20000e-14
       2137.16   3.18210e-14
       2138.70   3.19770e-14
       2140.25   3.18360e-14
       2141.80   3.19340e-14
       2143.34   3.20630e-14
       2144.89   3.16190e-14
       2146.44   3.16520e-14
       2147.98   3.18700e-14
       2149.53   3.14180e-14
       2151.08   3.13990e-14
       2152.62   3.15370e-14
       2154.17   3.15190e-14
       2155.72   3.12210e-14
       2157.27   3.14110e-14
       2158.81   3.11690e-14
       2160.36   3.14280e-14
       2161.91   3.09470e-14
       2163.45   3.07460e-14
       2165.00   3.07630e-14
       2166.55   3.08400e-14
       2168.09   3.05950e-14
       2169.64   3.06930e-14
       2171.19   3.08640e-14
       2172.74   3.05020e-14
       2174.28   3.04240e-14
       2175.83   3.03190e-14
       2177.38   3.01770e-14
       2178.92   3.02130e-14
       2180.47   2.95400e-14
       2182.02   2.98540e-14
       2183.56   2.97270e-14
       2185.11   3.01070e-14
       2186.66   2.94330e-14
       2188.21   2.96500e-14
       2189.75   2.97350e-14
       2191.30   2.99210e-14
       2192.85   2.95750e-14
       2194.39   2.95110e-14
       2195.94   2.97820e-14
       2197.49   2.95110e-14
       2199.04   2.92280e-14
       2200.58   2.87050e-14
       2202.13   2.92680e-14
       2203.68   2.94060e-14
       2205.23   2.89390e-14
       2206.77   2.88960e-14
       2208.32   2.93730e-14
       2209.87   2.88440e-14
       2211.41   2.88570e-14
       2212.96   2.85020e-14
       2214.51   2.84170e-14
       2216.06   2.82090e-14
       2217.60   2.84650e-14
       2219.15   2.82080e-14
       2220.70   2.82000e-14
       2222.25   2.80630e-14
       2223.79   2.78700e-14
       2225.34   2.85250e-14
       2226.89   2.78860e-14
       2228.43   2.74680e-14
       2229.98   2.73660e-14
       2231.53   2.73280e-14
       2233.08   2.71220e-14
       2234.62   2.74340e-14
       2236.17   2.72900e-14
       2237.72   2.72200e-14
       2239.27   2.71390e-14
       2240.81   2.67770e-14
       2242.36   2.69220e-14
       2243.91   2.70380e-14
       2245.46   2.68100e-14
       2247.00   2.68430e-14
       2248.55   2.66130e-14
       2250.10   2.67110e-14
       2251.65   2.66740e-14
       2253.19   2.67180e-14
       2254.74   2.65510e-14
       2256.29   2.63700e-14
       2257.84   2.66830e-14
       2259.38   2.66080e-14
       2260.93   2.68470e-14
       2262.48   2.63120e-14
       2264.03   2.67370e-14
       2265.57   2.65540e-14
       2267.12   2.60460e-14
       2268.67   2.63660e-14
       2270.22   2.62430e-14
       2271.76   2.58470e-14
       2273.31   2.57930e-14
       2274.86   2.60350e-14
       2276.41   2.61220e-14
       2277.96   2.54890e-14
       2279.50   2.58340e-14
       2281.05   2.58290e-14
       2282.60   2.58300e-14
       2284.15   2.59220e-14
       2285.69   2.54090e-14
       2287.24   2.55900e-14
       2288.79   2.56140e-14
       2290.34   2.50260e-14
       2291.88   2.50390e-14
       2293.43   2.53380e-14
       2294.98   2.57380e-14
       2296.53   2.48390e-14
       2298.08   2.52040e-14
       2299.62   2.52820e-14
       2301.17   2.49810e-14
       2302.72   2.50730e-14
       2304.27   2.46820e-14
       2305.81   2.45720e-14
       2307.36   2.45090e-14
       2308.91   2.47330e-14
       2310.46   2.44880e-14
       2312.01   2.45340e-14
       2313.55   2.46110e-14
       2315.10   2.43680e-14
       2316.65   2.42480e-14
       2318.20   2.40980e-14
       2319.75   2.42190e-14
       2321.29   2.39630e-14
       2322.84   2.38730e-14
       2324.39   2.40300e-14
       2325.94   2.36430e-14
       2327.49   2.40440e-14
       2329.03   2.39970e-14
       2330.58   2.37980e-14
       2332.13   2.41370e-14
       2333.68   2.35210e-14
       2335.23   2.34870e-14
       2336.77   2.32240e-14
       2338.32   2.32590e-14
       2339.87   2.32070e-14
       2341.42   2.30390e-14
       2342.97   2.21710e-14
       2344.51   2.28100e-14
       2346.06   2.29010e-14
       2347.61   2.31370e-14
       2349.16   2.28590e-14
       2350.71   2.30970e-14
       2352.25   2.30900e-14
       2353.80   2.29010e-14
       2355.35   2.27240e-14
       2356.90   2.28140e-14
       2358.45   2.27320e-14
       2359.99   2.26850e-14
       2361.54   2.27860e-14
       2363.09   2.23770e-14
       2364.64   2.24590e-14
       2366.19   2.24160e-14
       2367.74   2.23110e-14
       2369.28   2.23560e-14
       2370.83   2.24950e-14
       2372.38   2.22840e-14
       2373.93   2.20020e-14
       2375.48   2.21690e-14
       2377.02   2.19610e-14
       2378.57   2.20290e-14
       2380.12   2.14070e-14
       2381.67   2.03150e-14
       2383.22   2.11200e-14
       2384.77   2.17990e-14
       2386.31   2.20690e-14
       2387.86   2.18490e-14
       2389.41   2.16590e-14
       2390.96   2.18470e-14
       2392.51   2.16640e-14
       2394.06   2.15840e-14
       2395.60   2.16220e-14
       2397.15   2.14490e-14
       2398.70   2.15350e-14
       2400.25   2.12070e-14
       2401.80   2.13130e-14
       2403.35   2.13610e-14
       2404.89   2.14490e-14
       2406.44   2.11690e-14
       2407.99   2.11420e-14
       2409.54   2.11620e-14
       2411.09   2.11180e-14
       2412.64   2.11730e-14
       2414.19   2.11830e-14
       2415.73   2.13140e-14
       2417.28   2.09540e-14
       2418.83   2.08420e-14
       2420.38   2.09810e-14
       2421.93   2.07970e-14
       2423.48   2.08470e-14
       2425.02   2.09540e-14
       2426.57   2.07980e-14
       2428.12   2.08880e-14
       2429.67   2.02610e-14
       2431.22   2.05140e-14
       2432.77   2.05900e-14
       2434.32   2.03650e-14
       2435.86   2.04550e-14
       2437.41   2.04440e-14
       2438.96   2.03730e-14
       2440.51   2.00680e-14
       2442.06   2.00350e-14
       2443.61   2.01080e-14
       2445.16   1.97960e-14
       2446.70   1.99780e-14
       2448.25   1.98940e-14
       2449.80   1.98590e-14
       2451.35   1.99280e-14
       2452.90   2.01940e-14
       2454.45   1.97280e-14
       2456.00   1.96750e-14
       2457.55   1.96650e-14
       2459.09   1.98480e-14
       2460.64   1.97640e-14
       2462.19   1.96470e-14
       2463.74   1.94610e-14
       2465.29   1.93830e-14
       2466.84   1.93250e-14
       2468.39   1.91750e-14
       2469.94   1.90830e-14
       2471.48   1.88470e-14
       2473.03   1.89890e-14
       2474.58   1.92820e-14
       2476.13   1.88620e-14
       2477.68   1.91420e-14
       2479.23   1.90730e-14
       2480.78   1.91260e-14
       2482.33   1.91740e-14
       2483.88   1.90160e-14
       2485.42   1.90190e-14
       2486.97   1.92300e-14
       2488.52   1.89560e-14
       2490.07   1.86790e-14
       2491.62   1.88080e-14
       2493.17   1.86850e-14
       2494.72   1.87020e-14
       2496.27   1.86980e-14
       2497.82   1.85770e-14
       2499.36   1.86000e-14
       2500.91   1.84810e-14
       2502.46   1.85900e-14
       2504.01   1.82940e-14
       2505.56   1.85360e-14
       2507.11   1.85810e-14
       2508.66   1.84140e-14
       2510.21   1.83520e-14
       2511.76   1.84570e-14
       2513.31   1.81230e-14
       2514.85   1.82130e-14
       2516.40   1.81680e-14
       2517.95   1.80380e-14
       2519.50   1.78850e-14
       2521.05   1.81230e-14
       2522.60   1.79000e-14
       2524.15   1.79320e-14
       2525.70   1.79140e-14
       2527.25   1.78640e-14
       2528.80   1.79800e-14
       2530.35   1.78090e-14
       2531.89   1.78780e-14
       2533.44   1.76150e-14
       2534.99   1.77230e-14
       2536.54   1.77490e-14
       2538.09   1.77030e-14
       2539.64   1.74630e-14
       2541.19   1.77270e-14
       2542.74   1.78790e-14
       2544.29   1.74500e-14
       2545.84   1.74890e-14
       2547.39   1.74540e-14
       2548.94   1.75250e-14
       2550.49   1.74550e-14
       2552.03   1.72670e-14
       2553.58   1.72700e-14
       2555.13   1.73580e-14
       2556.68   1.71780e-14
       2558.23   1.71660e-14
       2559.78   1.73010e-14
       2561.33   1.69690e-14
       2562.88   1.71370e-14
       2564.43   1.70960e-14
       2565.98   1.72290e-14
       2567.53   1.70110e-14
       2569.08   1.69550e-14
       2570.63   1.68910e-14
       2572.18   1.68630e-14
       2573.73   1.67530e-14
       2575.27   1.68530e-14
       2576.82   1.70150e-14
       2578.37   1.68020e-14
       2579.92   1.68730e-14
       2581.47   1.64670e-14
       2583.02   1.64470e-14
       2584.57   1.60840e-14
       2586.12   1.58260e-14
       2587.67   1.63840e-14
       2589.22   1.64520e-14
       2590.77   1.65970e-14
       2592.32   1.63130e-14
       2593.87   1.63700e-14
       2595.42   1.61300e-14
       2596.97   1.59020e-14
       2598.52   1.51280e-14
       2600.07   1.54770e-14
       2601.62   1.59120e-14
       2603.17   1.61420e-14
       2604.72   1.62390e-14
       2606.26   1.59210e-14
       2607.81   1.61540e-14
       2609.36   1.60880e-14
       2610.91   1.63170e-14
       2612.46   1.62210e-14
       2614.01   1.61770e-14
       2615.56   1.62460e-14
       2617.11   1.62690e-14
       2618.66   1.61630e-14
       2620.21   1.60080e-14
       2621.76   1.60440e-14
       2623.31   1.59510e-14
       2624.86   1.58350e-14
       2626.41   1.57280e-14
       2627.96   1.57720e-14
       2629.51   1.59190e-14
       2631.06   1.60030e-14
       2632.61   1.57360e-14
       2634.16   1.56530e-14
       2635.71   1.59060e-14
       2637.26   1.58500e-14
       2638.81   1.55870e-14
       2640.36   1.57000e-14
       2641.91   1.55340e-14
       2643.46   1.53850e-14
       2645.01   1.55340e-14
       2646.56   1.57390e-14
       2648.11   1.53400e-14
       2649.66   1.54020e-14
       2651.21   1.51850e-14
       2652.76   1.52680e-14
       2654.31   1.54480e-14
       2655.86   1.52720e-14
       2657.41   1.52980e-14
       2658.96   1.52230e-14
       2660.51   1.51920e-14
       2662.06   1.52880e-14
       2663.61   1.51690e-14
       2665.16   1.48570e-14
       2666.71   1.47900e-14
       2668.26   1.50830e-14
       2669.81   1.48420e-14
       2671.36   1.48530e-14
       2672.91   1.50630e-14
       2674.46   1.48890e-14
       2676.01   1.48920e-14
       2677.56   1.48250e-14
       2679.11   1.49080e-14
       2680.66   1.46990e-14
       2682.21   1.45830e-14
       2683.76   1.46520e-14
       2685.31   1.46790e-14
       2686.86   1.48670e-14
       2688.41   1.46240e-14
       2689.96   1.43020e-14
       2691.51   1.44780e-14
       2693.06   1.44690e-14
       2694.61   1.46400e-14
       2696.16   1.45060e-14
       2697.71   1.44870e-14
       2699.26   1.45040e-14
       2700.81   1.44650e-14
       2702.36   1.45520e-14
       2703.91   1.42390e-14
       2705.46   1.43390e-14
       2707.01   1.43800e-14
       2708.56   1.42830e-14
       2710.11   1.43000e-14
       2711.66   1.44480e-14
       2713.21   1.40970e-14
       2714.76   1.39780e-14
       2716.31   1.39330e-14
       2717.86   1.41950e-14
       2719.41   1.41100e-14
       2720.96   1.40130e-14
       2722.51   1.41040e-14
       2724.06   1.39230e-14
       2725.61   1.38000e-14
       2727.16   1.38360e-14
       2728.71   1.38150e-14
       2730.26   1.38380e-14
       2731.81   1.39310e-14
       2733.36   1.38520e-14
       2734.91   1.39960e-14
       2736.46   1.39210e-14
       2738.01   1.37840e-14
       2739.56   1.36600e-14
       2741.11   1.37180e-14
       2742.66   1.35430e-14
       2744.21   1.36640e-14
       2745.77   1.38830e-14
       2747.32   1.37980e-14
       2748.87   1.35480e-14
       2750.42   1.35790e-14
       2751.97   1.34560e-14
       2753.52   1.34410e-14
       2755.07   1.33460e-14
       2756.62   1.33580e-14
       2758.17   1.36520e-14
       2759.72   1.36310e-14
       2761.27   1.33510e-14
       2762.82   1.31920e-14
       2764.37   1.32420e-14
       2765.92   1.31160e-14
       2767.47   1.32130e-14
       2769.02   1.32530e-14
       2770.57   1.33240e-14
       2772.12   1.31300e-14
       2773.67   1.32420e-14
       2775.22   1.28690e-14
       2776.78   1.29560e-14
       2778.33   1.29200e-14
       2779.88   1.31580e-14
       2781.43   1.30720e-14
       2782.98   1.29770e-14
       2784.53   1.28460e-14
       2786.08   1.30560e-14
       2787.63   1.30250e-14
       2789.18   1.27420e-14
       2790.73   1.27630e-14
       2792.28   1.26550e-14
       2793.83   1.19480e-14
       2795.38   1.10880e-14
       2796.93   1.20950e-14
       2798.48   1.24730e-14
       2800.04   1.21470e-14
       2801.59   1.15760e-14
       2803.14   1.13050e-14
       2804.69   1.23330e-14
       2806.24   1.25340e-14
       2807.79   1.23640e-14
       2809.34   1.25780e-14
       2810.89   1.23390e-14
       2812.44   1.23280e-14
       2813.99   1.25040e-14
       2815.54   1.24930e-14
       2817.09   1.23440e-14
       2818.64   1.20990e-14
       2820.20   1.24630e-14
       2821.75   1.25020e-14
       2823.30   1.21460e-14
       2824.85   1.21210e-14
       2826.40   1.22730e-14
       2827.95   1.21810e-14
       2829.50   1.21900e-14
       2831.05   1.19060e-14
       2832.60   1.19460e-14
       2834.15   1.20710e-14
       2835.70   1.19630e-14
       2837.26   1.18320e-14
       2838.81   1.18280e-14
       2840.36   1.19380e-14
       2841.91   1.20280e-14
       2843.46   1.17910e-14
       2845.01   1.19510e-14
       2846.56   1.17700e-14
       2848.11   1.17870e-14
       2849.66   1.17310e-14
       2851.21   1.15920e-14
       2852.77   1.14970e-14
       2854.32   1.18200e-14
       2855.87   1.17590e-14
       2857.42   1.15860e-14
       2858.97   1.16920e-14
       2860.52   1.15890e-14
       2862.07   1.15370e-14
       2863.62   1.14570e-14
       2865.17   1.17430e-14
       2866.73   1.15800e-14
       2868.28   1.17210e-14
       2869.83   1.14560e-14
       2871.38   1.17270e-14
       2872.93   1.15240e-14
       2874.48   1.16450e-14
       2876.03   1.14820e-14
       2877.58   1.13670e-14
       2879.13   1.13520e-14
       2880.69   1.14840e-14
       2882.24   1.13170e-14
       2883.79   1.15580e-14
       2885.34   1.12340e-14
       2886.89   1.13140e-14
       2888.44   1.13870e-14
       2889.99   1.12120e-14
       2891.54   1.12510e-14
       2893.10   1.12980e-14
       2894.65   1.12140e-14
       2896.20   1.14430e-14
       2897.75   1.14330e-14
       2899.30   1.11410e-14
       2900.85   1.10920e-14
       2902.40   1.10890e-14
       2903.96   1.11610e-14
       2905.51   1.10680e-14
       2907.06   1.10330e-14
       2908.61   1.10680e-14
       2910.16   1.12100e-14
       2911.71   1.09770e-14
       2913.26   1.10400e-14
       2914.81   1.11330e-14
       2916.37   1.09920e-14
       2917.92   1.10160e-14
       2919.47   1.09540e-14
       2921.02   1.07330e-14
       2922.57   1.10530e-14
       2924.12   1.08580e-14
       2925.67   1.08010e-14
       2927.23   1.08320e-14
       2928.78   1.06570e-14
       2930.33   1.07440e-14
       2931.88   1.09880e-14
       2933.43   1.07720e-14
       2934.98   1.07590e-14
       2936.54   1.07080e-14
       2938.09   1.08230e-14
       2939.64   1.06530e-14
       2941.19   1.05450e-14
       2942.74   1.06550e-14
       2944.29   1.07320e-14
       2945.84   1.07540e-14
       2947.40   1.03830e-14
       2948.95   1.06020e-14
       2950.50   1.03760e-14
       2952.05   1.04700e-14
       2953.60   1.04520e-14
       2955.15   1.02120e-14
       2956.71   1.06150e-14
       2958.26   1.03040e-14
       2959.81   1.03250e-14
       2961.36   1.02620e-14
       2962.91   1.04020e-14
       2964.46   1.01480e-14
       2966.02   1.02320e-14
       2967.57   1.03140e-14
       2969.12   1.02340e-14
       2970.67   1.02830e-14
       2972.22   1.01780e-14
       2973.78   1.02950e-14
       2975.33   1.01970e-14
       2976.88   1.02940e-14
       2978.43   1.02200e-14
       2979.98   1.01270e-14
       2981.53   1.02680e-14
       2983.09   1.00130e-14
       2984.64   9.79260e-15
       2986.19   1.01800e-14
       2987.74   1.00530e-14
       2989.29   1.00630e-14
       2990.84   1.00430e-14
       2992.40   9.77480e-15
       2993.95   9.99030e-15
       2995.50   9.96240e-15
       2997.05   9.73560e-15
       2998.60   9.83320e-15
       3000.16   9.89320e-15
       3001.71   9.85900e-15
       3003.26   1.00220e-14
       3004.81   9.90280e-15
       3006.36   9.99710e-15
       3007.92   9.96240e-15
       3009.47   9.78400e-15
       3011.02   9.82260e-15
       3012.57   9.76970e-15
       3014.12   9.78240e-15
       3015.68   9.80470e-15
       3017.23   9.82990e-15
       3018.78   9.65920e-15
       3020.33   9.68330e-15
       3021.88   9.69810e-15
       3023.44   9.67880e-15
       3024.99   9.58430e-15
       3026.54   9.61290e-15
       3028.09   9.41150e-15
       3029.64   9.55560e-15
       3031.20   9.53860e-15
       3032.75   9.29410e-15
       3034.30   9.69370e-15
       3035.85   9.71820e-15
       3037.41   9.52650e-15
       3038.96   9.32350e-15
       3040.51   9.69210e-15
       3042.06   9.59290e-15
       3043.61   9.49780e-15
       3045.17   9.33880e-15
       3046.72   9.53180e-15
       3048.27   9.55100e-15
       3049.82   9.32110e-15
       3051.37   9.68260e-15
       3052.93   9.27160e-15
       3054.48   9.26720e-15
       3056.03   9.41450e-15
       3057.58   9.40960e-15
       3059.14   9.42810e-15
       3060.69   9.16410e-15
       3062.24   9.30810e-15
       3063.79   9.01290e-15
       3065.34   9.21530e-15
       3068.08   9.49990e-15
       3070.83   9.31680e-15
       3073.57   9.17190e-15
       3076.32   9.08830e-15
       3079.06   9.13350e-15
       3081.81   9.10410e-15
       3084.56   9.18770e-15
       3087.30   9.07550e-15
       3090.05   9.01950e-15
       3092.79   8.91780e-15
       3095.54   8.92030e-15
       3098.29   8.99250e-15
       3101.03   8.99040e-15
       3103.78   8.62200e-15
       3106.52   8.86190e-15
       3109.27   8.82500e-15
       3112.02   8.80330e-15
       3114.76   8.62890e-15
       3117.51   8.53520e-15
       3120.25   8.75120e-15
       3123.00   8.73460e-15
       3125.75   8.60370e-15
       3128.49   8.59150e-15
       3131.24   8.72410e-15
       3133.98   8.73860e-15
       3136.73   8.63750e-15
       3139.48   8.55630e-15
       3142.22   8.43440e-15
       3144.97   8.43510e-15
       3147.72   8.38650e-15
       3150.46   8.28840e-15
       3153.21   8.30530e-15
       3155.96   8.43040e-15
       3158.70   8.50790e-15
       3161.45   8.44470e-15
       3164.19   8.34670e-15
       3166.94   8.30860e-15
       3169.69   8.19470e-15
       3172.43   8.01160e-15
       3175.18   8.04080e-15
       3177.93   8.02690e-15
       3180.67   7.94930e-15
       3183.42   8.14310e-15
       3186.17   8.11900e-15
       3188.91   7.94980e-15
       3191.66   8.01560e-15
       3194.41   8.19890e-15
       3197.15   7.97190e-15
       3199.90   8.09580e-15
       3202.65   8.10780e-15
       3205.39   8.02800e-15
       3208.14   7.89950e-15
       3210.89   7.85510e-15
       3213.63   7.72730e-15
       3216.38   7.67360e-15
       3219.13   7.66830e-15
       3221.87   7.74050e-15
       3224.62   7.72440e-15
       3227.37   7.71500e-15
       3230.11   7.58310e-15
       3232.86   7.72470e-15
       3235.61   7.65280e-15
       3238.36   7.58310e-15
       3241.10   7.55790e-15
       3243.85   7.56910e-15
       3246.60   7.51630e-15
       3249.34   7.44910e-15
       3252.09   7.37650e-15
       3254.84   7.36950e-15
       3257.59   7.43670e-15
       3260.33   7.36590e-15
       3263.08   7.34710e-15
       3265.83   7.33630e-15
       3268.57   7.15260e-15
       3271.32   7.20190e-15
       3274.07   7.34070e-15
       3276.82   7.27570e-15
       3279.56   7.31460e-15
       3282.31   7.27340e-15
       3285.06   7.31840e-15
       3287.80   7.25660e-15
       3290.55   7.24000e-15
       3293.30   7.08890e-15
       3296.05   7.11910e-15
       3298.79   7.08410e-15
       3301.54   7.05600e-15
       3304.29   6.94860e-15
       3307.04   7.04250e-15
       3309.78   7.01220e-15
       3312.53   6.82860e-15
       3315.28   6.92020e-15
       3318.03   6.91400e-15
       3320.77   6.88720e-15
       3323.52   6.85900e-15
       3326.27   7.00160e-15
       3329.02   6.90080e-15
       3331.76   6.84110e-15
       3334.51   6.78000e-15
       3337.26   6.87940e-15
       3340.01   6.77790e-15
       3342.75   6.82550e-15
       3345.50   6.84560e-15
       3348.25   6.78070e-15
       3351.00   6.78890e-15
       3353.74   6.79740e-15
       3356.49   6.60550e-15
       3359.24   6.64950e-15
       3361.99   6.61290e-15
       3364.73   6.67030e-15
       3367.48   6.62240e-15
       3370.23   6.47380e-15
       3372.98   6.50740e-15
       3375.73   6.54840e-15
       3378.47   6.50790e-15
       3381.22   6.48060e-15
       3383.97   6.59550e-15
       3386.72   6.53540e-15
       3389.46   6.48150e-15
       3392.21   6.49160e-15
       3394.96   6.57070e-15
       3397.71   6.43890e-15
       3400.46   6.41260e-15
       3403.20   6.35190e-15
       3405.95   6.24510e-15
       3408.70   6.29780e-15
       3411.45   6.30830e-15
       3414.20   6.35740e-15
       3416.94   6.28300e-15
       3419.69   6.25800e-15
       3422.44   6.25500e-15
       3425.19   6.27160e-15
       3427.94   6.23880e-15
       3430.68   6.30740e-15
       3433.43   6.33680e-15
       3436.18   6.28730e-15
       3438.93   6.23610e-15
       3441.68   6.14990e-15
       3444.43   6.09410e-15
       3447.17   6.21040e-15
       3449.92   6.20350e-15
       3452.67   6.25550e-15
       3455.42   6.13480e-15
       3458.17   6.03580e-15
       3460.91   5.98310e-15
       3463.66   6.08840e-15
       3466.41   6.05120e-15
       3469.16   5.99980e-15
       3471.91   5.92530e-15
       3474.66   5.93010e-15
       3477.40   6.01800e-15
       3480.15   5.95820e-15
       3482.90   5.90680e-15
       3485.65   5.83730e-15
       3488.40   5.72890e-15
       3491.15   5.71960e-15
       3493.89   5.84310e-15
       3496.64   5.85470e-15
       3499.39   5.64140e-15
       3502.14   5.73800e-15
       3504.89   5.72110e-15
       3507.64   5.77890e-15
       3510.38   5.83190e-15
       3513.13   5.73950e-15
       3515.88   5.71700e-15
       3518.63   5.69330e-15
       3521.38   5.70840e-15
       3524.13   5.72140e-15
       3526.88   5.71920e-15
       3529.62   5.66080e-15
       3532.37   5.72070e-15
       3535.12   5.59300e-15
       3537.87   5.63360e-15
       3540.62   5.52410e-15
       3543.37   5.49660e-15
       3546.11   5.60410e-15
       3548.86   5.63010e-15
       3551.61   5.67000e-15
       3554.36   5.50160e-15
       3557.11   5.51370e-15
       3559.86   5.39900e-15
       3562.61   5.37480e-15
       3565.36   5.37630e-15
       3568.10   5.49620e-15
       3570.85   5.35830e-15
       3573.60   5.40960e-15
       3576.35   5.41330e-15
       3579.10   5.35150e-15
       3581.85   5.33620e-15
       3584.60   5.30540e-15
       3587.35   5.32060e-15
       3590.09   5.26360e-15
       3592.84   5.28630e-15
       3595.59   5.28530e-15
       3598.34   5.18050e-15
       3601.09   5.16440e-15
       3603.84   5.12410e-15
       3606.59   5.24610e-15
       3609.34   5.18450e-15
       3612.08   5.12440e-15
       3614.83   5.17010e-15
       3617.58   5.11240e-15
       3620.33   5.09560e-15
       3623.08   5.10730e-15
       3625.83   5.15340e-15
       3628.58   5.08020e-15
       3631.33   5.16500e-15
       3634.08   4.99980e-15
       3636.82   4.99530e-15
       3639.57   5.02730e-15
       3642.32   5.08390e-15
       3645.07   5.07670e-15
       3647.82   4.92560e-15
       3650.57   4.96170e-15
       3653.32   4.99310e-15
       3656.07   4.94820e-15
       3658.82   4.96020e-15
       3661.56   4.88990e-15
       3664.31   4.85210e-15
       3667.06   4.84850e-15
       3669.81   4.87400e-15
       3672.56   4.86600e-15
       3675.31   4.92750e-15
       3678.06   4.99600e-15
       3680.81   4.91980e-15
       3683.56   4.84500e-15
       3686.31   4.79380e-15
       3689.06   4.80580e-15
       3691.80   4.84170e-15
       3694.55   4.78380e-15
       3697.30   4.70130e-15
       3700.05   4.60450e-15
       3702.80   4.67610e-15
       3705.55   4.73020e-15
       3708.30   4.76090e-15
       3711.05   4.57050e-15
       3713.80   4.60640e-15
       3716.55   4.62570e-15
       3719.30   4.61880e-15
       3722.04   4.57840e-15
       3724.79   4.56660e-15
       3727.54   4.60160e-15
       3730.29   4.65040e-15
       3733.04   4.62000e-15
       3735.79   4.54980e-15
       3738.54   4.55380e-15
       3741.29   4.56830e-15
       3744.04   4.57100e-15
       3746.79   4.47890e-15
       3749.54   4.50850e-15
       3752.29   4.49910e-15
       3755.03   4.49070e-15
       3757.78   4.55200e-15
       3760.53   4.50110e-15
       3763.28   4.50640e-15
       3766.03   4.50090e-15
       3768.78   4.47360e-15
       3771.53   4.50560e-15
       3774.28   4.47460e-15
       3777.03   4.44720e-15
       3779.78   4.46540e-15
       3782.53   4.34180e-15
       3785.28   4.30510e-15
       3788.03   4.38990e-15
       3790.78   4.35120e-15
       3793.52   4.27140e-15
       3796.27   4.31100e-15
       3799.02   4.31610e-15
       3801.77   4.31670e-15
       3804.52   4.26260e-15
       3807.27   4.24120e-15
       3810.02   4.26590e-15
       3812.77   4.24100e-15
       3815.52   4.17530e-15
       3818.27   4.19180e-15
       3821.02   4.13420e-15
       3823.77   4.12640e-15
       3826.52   4.15090e-15
       3829.27   4.18170e-15
       3832.02   4.12390e-15
       3834.76   4.11360e-15
       3837.51   4.14380e-15
       3840.26   4.13780e-15
       3843.01   4.05900e-15
       3845.76   4.15470e-15
       3848.51   4.16120e-15
       3851.26   4.20320e-15
       3854.01   4.16360e-15
       3856.76   4.07860e-15
       3859.51   4.15020e-15
       3862.26   4.13380e-15
       3865.01   4.03240e-15
       3867.76   4.03820e-15
       3870.51   4.01080e-15
       3873.26   4.03860e-15
       3876.01   4.08670e-15
       3878.76   3.99410e-15
       3881.50   3.91030e-15
       3884.25   3.97390e-15
       3887.00   3.92360e-15
       3889.75   3.82810e-15
       3892.50   3.86940e-15
       3895.25   3.92000e-15
       3898.00   3.91460e-15
       3900.75   3.95110e-15
       3903.50   3.95890e-15
       3906.25   4.01630e-15
       3909.00   4.02560e-15
       3911.75   3.98240e-15
       3914.50   3.97880e-15
       3917.25   3.94420e-15
       3920.00   4.01180e-15
       3922.75   3.99150e-15
       3925.50   4.03260e-15
       3928.25   4.01040e-15
       3931.00   3.99160e-15
       3933.74   3.97150e-15
       3936.49   3.92240e-15
       3939.24   3.88670e-15
       3941.99   3.96820e-15
       3944.74   3.85030e-15
       3947.49   3.77320e-15
       3950.24   3.76810e-15
       3952.99   3.78080e-15
       3955.74   3.67620e-15
       3958.49   3.62680e-15
       3961.24   3.57280e-15
       3963.99   3.51920e-15
       3966.74   3.48210e-15
       3969.49   3.46500e-15
       3972.24   3.40280e-15
       3974.99   3.38700e-15
       3977.74   3.43000e-15
       3980.49   3.48910e-15
       3983.24   3.44720e-15
       3985.99   3.53140e-15
       3988.73   3.59190e-15
       3991.48   3.60370e-15
       3994.23   3.59000e-15
       3996.98   3.66760e-15
       3999.73   3.68460e-15
       4002.48   3.74220e-15
       4005.23   3.75530e-15
       4007.98   3.79810e-15
       4010.73   3.76380e-15
       4013.48   3.88830e-15
       4016.23   3.91140e-15
       4018.98   3.83090e-15
       4021.73   3.85560e-15
       4024.48   3.87120e-15
       4027.23   3.82280e-15
       4029.98   3.78500e-15
       4032.73   3.83280e-15
       4035.48   3.88050e-15
       4038.23   3.80630e-15
       4040.98   3.87190e-15
       4043.72   3.82640e-15
       4046.47   3.76980e-15
       4049.22   3.77060e-15
       4051.97   3.71890e-15
       4054.72   3.70940e-15
       4057.47   3.72110e-15
       4060.22   3.64500e-15
       4062.97   3.61240e-15
       4065.72   3.54460e-15
       4068.47   3.56400e-15
       4071.22   3.51520e-15
       4073.97   3.51100e-15
       4076.72   3.46510e-15
       4079.47   3.41350e-15
       4082.22   3.31520e-15
       4084.97   3.28560e-15
       4087.72   3.21330e-15
       4090.47   3.10040e-15
       4093.22   3.02740e-15
       4095.97   3.01520e-15
       4098.71   2.95720e-15
       4101.46   2.78260e-15
       4104.21   2.85610e-15
       4106.96   2.85420e-15
       4109.71   2.91420e-15
       4112.46   2.99590e-15
       4115.21   3.07290e-15
       4117.96   3.10450e-15
       4120.71   3.10160e-15
       4123.46   3.16450e-15
       4126.21   3.25370e-15
       4128.96   3.31800e-15
       4131.71   3.31670e-15
       4134.46   3.31750e-15
       4137.21   3.35100e-15
       4139.96   3.36650e-15
       4142.71   3.41980e-15
       4145.46   3.39710e-15
       4148.21   3.35100e-15
       4150.95   3.39760e-15
       4153.70   3.38360e-15
       4156.45   3.35090e-15
       4159.20   3.45380e-15
       4161.95   3.50680e-15
       4164.70   3.43470e-15
       4167.45   3.41670e-15
       4170.20   3.41060e-15
       4172.95   3.41630e-15
       4175.70   3.44410e-15
       4178.45   3.51550e-15
       4181.20   3.48220e-15
       4183.95   3.49570e-15
       4186.70   3.42180e-15
       4189.45   3.38980e-15
       4192.20   3.39860e-15
       4194.94   3.46740e-15
       4197.69   3.38480e-15
       4200.44   3.34200e-15
       4203.19   3.37210e-15
       4205.94   3.38230e-15
       4208.69   3.37600e-15
       4211.44   3.39080e-15
       4214.19   3.34010e-15
       4216.94   3.30700e-15
       4219.69   3.32010e-15
       4222.44   3.34880e-15
       4225.19   3.31820e-15
       4227.94   3.31660e-15
       4230.69   3.29420e-15
       4233.44   3.33800e-15
       4236.18   3.35450e-15
       4238.93   3.32230e-15
       4241.68   3.26970e-15
       4244.43   3.24070e-15
       4247.18   3.25480e-15
       4249.93   3.27680e-15
       4252.68   3.25130e-15
       4255.43   3.28170e-15
       4258.18   3.24870e-15
       4260.93   3.26240e-15
       4263.68   3.27720e-15
       4266.43   3.19000e-15
       4269.18   3.20580e-15
       4271.93   3.15650e-15
       4274.67   3.12070e-15
       4277.42   3.11330e-15
       4280.17   3.17340e-15
       4282.92   3.13790e-15
       4285.67   3.10990e-15
       4288.42   3.07700e-15
       4291.17   3.06220e-15
       4293.92   3.07570e-15
       4296.67   2.98750e-15
       4299.42   2.93730e-15
       4302.17   2.94340e-15
       4304.92   2.94050e-15
       4307.66   2.90030e-15
       4310.41   2.88830e-15
       4313.16   2.82750e-15
       4315.91   2.80300e-15
       4318.66   2.78410e-15
       4321.41   2.70720e-15
       4324.16   2.66120e-15
       4326.91   2.61390e-15
       4329.66   2.49120e-15
       4332.41   2.38190e-15
       4335.16   2.33890e-15
       4337.90   2.29480e-15
       4340.65   2.21690e-15
       4343.40   2.18840e-15
       4346.15   2.22700e-15
       4348.90   2.27670e-15
       4351.65   2.36190e-15
       4354.40   2.38720e-15
       4357.15   2.47540e-15
       4359.90   2.53820e-15
       4362.65   2.57070e-15
       4365.39   2.62280e-15
       4368.14   2.65850e-15
       4370.89   2.66760e-15
       4373.64   2.69270e-15
       4376.39   2.73370e-15
       4379.14   2.74820e-15
       4381.89   2.77130e-15
       4384.64   2.80850e-15
       4387.39   2.82000e-15
       4390.13   2.76160e-15
       4392.88   2.76960e-15
       4395.63   2.82240e-15
       4398.38   2.86860e-15
       4401.13   2.78970e-15
       4403.88   2.76470e-15
       4406.63   2.84290e-15
       4409.38   2.86490e-15
       4412.13   2.84490e-15
       4414.87   2.85580e-15
       4417.62   2.81640e-15
       4420.37   2.79170e-15
       4423.12   2.80760e-15
       4425.87   2.77650e-15
       4428.62   2.76040e-15
       4431.37   2.80400e-15
       4434.12   2.82450e-15
       4436.86   2.82270e-15
       4439.61   2.82270e-15
       4442.36   2.77290e-15
       4445.11   2.78540e-15
       4447.86   2.77360e-15
       4450.61   2.72410e-15
       4453.36   2.77980e-15
       4456.11   2.77200e-15
       4458.85   2.77520e-15
       4461.60   2.80320e-15
       4464.35   2.80810e-15
       4467.10   2.76010e-15
       4469.85   2.70510e-15
       4472.60   2.76920e-15
       4475.35   2.76050e-15
       4478.09   2.69160e-15
       4480.84   2.71430e-15
       4483.59   2.75230e-15
       4486.34   2.69830e-15
       4489.09   2.73670e-15
       4491.84   2.66960e-15
       4494.59   2.66910e-15
       4497.33   2.69660e-15
       4500.08   2.63650e-15
       4502.83   2.65400e-15
       4505.58   2.63800e-15
       4508.33   2.66040e-15
       4511.08   2.66100e-15
       4513.83   2.65700e-15
       4516.57   2.68590e-15
       4519.32   2.70760e-15
       4522.07   2.69360e-15
       4524.82   2.60080e-15
       4527.57   2.66940e-15
       4530.32   2.65610e-15
       4533.06   2.60110e-15
       4535.81   2.55170e-15
       4538.56   2.53750e-15
       4541.31   2.57690e-15
       4544.06   2.62770e-15
       4546.81   2.59700e-15
       4549.55   2.58760e-15
       4552.30   2.54150e-15
       4555.05   2.56690e-15
       4557.80   2.58370e-15
       4560.55   2.52780e-15
       4563.29   2.53030e-15
       4566.04   2.51140e-15
       4568.79   2.54670e-15
       4571.54   2.51630e-15
       4574.29   2.53850e-15
       4577.04   2.53480e-15
       4579.78   2.49970e-15
       4582.53   2.50380e-15
       4585.28   2.49180e-15
       4588.03   2.50370e-15
       4590.78   2.50890e-15
       4593.52   2.48870e-15
       4596.27   2.47900e-15
       4599.02   2.46620e-15
       4601.77   2.46270e-15
       4604.52   2.39860e-15
       4607.26   2.47500e-15
       4610.01   2.45690e-15
       4612.76   2.44750e-15
       4615.51   2.42050e-15
       4618.26   2.40050e-15
       4621.00   2.46020e-15
       4623.75   2.48690e-15
       4626.50   2.43980e-15
       4629.25   2.34870e-15
       4632.00   2.38100e-15
       4634.74   2.41450e-15
       4637.49   2.35660e-15
       4640.24   2.37490e-15
       4642.99   2.34190e-15
       4645.74   2.35800e-15
       4648.48   2.35080e-15
       4651.23   2.32900e-15
       4653.98   2.35610e-15
       4656.73   2.32120e-15
       4659.47   2.34560e-15
       4662.22   2.31600e-15
       4664.97   2.31820e-15
       4667.72   2.30390e-15
       4670.46   2.32680e-15
       4673.21   2.27810e-15
       4675.96   2.30750e-15
       4678.71   2.29670e-15
       4681.46   2.31840e-15
       4684.20   2.31900e-15
       4686.95   2.29770e-15
       4689.70   2.24210e-15
       4692.45   2.29400e-15
       4695.19   2.29470e-15
       4697.94   2.25850e-15
       4700.69   2.26820e-15
       4703.44   2.24440e-15
       4706.18   2.21640e-15
       4708.93   2.29410e-15
       4711.68   2.26390e-15
       4714.43   2.25240e-15
       4717.17   2.25700e-15
       4719.92   2.22040e-15
       4722.67   2.21740e-15
       4725.41   2.20900e-15
       4728.16   2.25320e-15
       4730.91   2.22100e-15
       4733.66   2.18890e-15
       4736.40   2.21000e-15
       4739.15   2.20410e-15
       4741.90   2.19340e-15
       4744.65   2.17830e-15
       4747.39   2.20230e-15
       4750.14   2.19150e-15
       4752.89   2.18230e-15
       4755.63   2.16670e-15
       4758.38   2.15670e-15
       4761.13   2.14010e-15
       4763.88   2.11660e-15
       4766.62   2.10350e-15
       4769.37   2.11050e-15
       4772.12   2.07840e-15
       4774.86   2.10170e-15
       4777.61   2.12000e-15
       4780.36   2.07590e-15
       4783.10   2.09520e-15
       4785.85   2.14410e-15
       4788.60   2.03450e-15
       4791.35   2.03060e-15
       4794.09   2.06240e-15
       4796.84   2.07290e-15
       4799.59   2.02070e-15
       4802.33   2.00910e-15
       4805.08   2.04630e-15
       4807.83   2.02930e-15
       4810.57   2.03730e-15
       4813.32   2.00180e-15
       4816.07   1.98960e-15
       4818.81   1.99360e-15
       4821.56   1.98580e-15
       4824.31   2.00650e-15
       4827.05   1.94280e-15
       4829.80   1.91400e-15
       4832.55   1.88670e-15
       4835.29   1.79960e-15
       4838.04   1.80540e-15
       4840.79   1.82480e-15
       4843.53   1.78740e-15
       4846.28   1.72130e-15
       4849.03   1.70320e-15
       4851.77   1.63440e-15
       4854.52   1.61660e-15
       4857.27   1.55680e-15
       4860.01   1.48760e-15
       4862.76   1.46900e-15
       4865.51   1.47020e-15
       4868.25   1.48760e-15
       4871.00   1.56700e-15
       4873.74   1.59050e-15
       4876.49   1.58810e-15
       4879.24   1.61900e-15
       4881.98   1.64110e-15
       4884.73   1.71470e-15
       4887.48   1.73160e-15
       4890.22   1.74550e-15
       4892.97   1.77120e-15
       4895.71   1.78510e-15
       4898.46   1.76920e-15
       4901.21   1.80650e-15
       4903.95   1.85530e-15
       4906.70   1.83350e-15
       4909.44   1.86400e-15
       4912.19   1.85690e-15
       4914.94   1.83130e-15
       4917.68   1.87170e-15
       4920.43   1.83440e-15
       4923.18   1.87520e-15
       4925.92   1.84980e-15
       4928.67   1.86680e-15
       4931.41   1.85940e-15
       4934.16   1.82140e-15
       4936.90   1.84970e-15
       4939.65   1.87410e-15
       4942.40   1.87690e-15
       4945.14   1.83330e-15
       4947.89   1.86450e-15
       4950.63   1.85900e-15
       4953.38   1.85740e-15
       4956.12   1.80480e-15
       4958.87   1.84270e-15
       4961.62   1.84630e-15
       4964.36   1.82530e-15
       4967.11   1.84560e-15
       4969.85   1.78410e-15
       4972.60   1.78290e-15
       4975.34   1.85840e-15
       4978.09   1.85450e-15
       4980.84   1.81730e-15
       4983.58   1.84500e-15
       4986.33   1.83150e-15
       4989.07   1.85930e-15
       4991.82   1.87190e-15
       4994.56   1.84490e-15
       4997.31   1.79640e-15
       5000.05   1.79860e-15
       5002.80   1.79150e-15
       5005.54   1.80040e-15
       5008.29   1.79670e-15
       5011.03   1.81190e-15
       5013.78   1.80680e-15
       5016.52   1.78900e-15
       5019.27   1.75500e-15
       5022.02   1.76260e-15
       5024.76   1.77320e-15
       5027.51   1.71830e-15
       5030.25   1.78680e-15
       5033.00   1.78150e-15
       5035.74   1.77310e-15
       5038.49   1.74810e-15
       5041.23   1.70380e-15
       5043.98   1.74730e-15
       5046.72   1.75940e-15
       5049.47   1.75380e-15
       5052.21   1.78500e-15
       5054.96   1.79510e-15
       5057.70   1.77070e-15
       5060.45   1.73580e-15
       5063.19   1.75170e-15
       5065.93   1.75250e-15
       5068.68   1.69860e-15
       5071.42   1.74070e-15
       5074.17   1.71740e-15
       5076.91   1.68810e-15
       5079.66   1.71080e-15
       5082.40   1.70340e-15
       5085.15   1.66540e-15
       5087.89   1.69370e-15
       5090.64   1.69030e-15
       5093.38   1.69210e-15
       5096.13   1.69010e-15
       5098.87   1.66820e-15
       5101.61   1.64700e-15
       5104.36   1.65140e-15
       5107.10   1.66640e-15
       5109.85   1.67670e-15
       5112.59   1.64460e-15
       5115.34   1.63690e-15
       5118.08   1.63850e-15
       5120.83   1.65510e-15
       5123.57   1.67370e-15
       5126.31   1.67160e-15
       5129.06   1.63930e-15
       5131.80   1.65810e-15
       5134.55   1.62010e-15
       5137.29   1.65320e-15
       5140.03   1.65090e-15
       5142.78   1.62670e-15
       5145.52   1.62470e-15
       5148.27   1.61730e-15
       5151.01   1.61720e-15
       5153.75   1.63750e-15
       5156.50   1.60190e-15
       5159.24   1.58470e-15
       5161.99   1.62370e-15
       5164.73   1.60540e-15
       5167.47   1.61660e-15
       5170.22   1.63350e-15
       5172.96   1.59820e-15
       5175.71   1.60830e-15
       5178.45   1.56650e-15
       5181.19   1.58540e-15
       5183.94   1.59350e-15
       5186.68   1.58220e-15
       5189.42   1.56610e-15
       5192.17   1.59220e-15
       5194.91   1.56570e-15
       5197.65   1.54490e-15
       5200.40   1.49440e-15
       5203.14   1.55880e-15
       5205.88   1.57760e-15
       5208.63   1.59220e-15
       5211.37   1.59720e-15
       5214.11   1.55450e-15
       5216.86   1.54060e-15
       5219.60   1.55780e-15
       5222.34   1.54510e-15
       5225.09   1.53000e-15
       5227.83   1.55140e-15
       5230.57   1.54150e-15
       5233.32   1.50590e-15
       5236.06   1.48210e-15
       5238.80   1.54470e-15
       5241.55   1.56010e-15
       5244.29   1.51850e-15
       5247.03   1.53300e-15
       5249.78   1.51400e-15
       5252.52   1.51970e-15
       5255.26   1.54330e-15
       5258.00   1.52790e-15
       5260.75   1.51180e-15
       5263.49   1.47800e-15
       5266.23   1.49110e-15
       5268.98   1.46400e-15
       5271.72   1.46370e-15
       5274.46   1.50060e-15
       5277.20   1.49740e-15
       5279.95   1.45400e-15
       5282.69   1.46960e-15
       5285.43   1.49880e-15
       5288.17   1.45380e-15
       5290.92   1.47040e-15
       5293.66   1.44950e-15
       5296.40   1.47130e-15
       5299.14   1.45690e-15
       5301.89   1.44480e-15
       5304.63   1.46960e-15
       5307.37   1.46970e-15
       5310.11   1.48100e-15
       5312.86   1.43390e-15
       5315.60   1.44400e-15
       5318.34   1.43620e-15
       5321.08   1.44150e-15
       5323.83   1.41230e-15
       5326.57   1.40510e-15
       5329.31   1.40000e-15
       5332.05   1.43110e-15
       5334.79   1.45800e-15
       5337.54   1.41330e-15
       5340.28   1.45200e-15
       5343.02   1.41250e-15
       5345.76   1.40810e-15
       5348.50   1.42490e-15
       5351.25   1.39470e-15
       5353.99   1.38130e-15
       5356.73   1.39480e-15
       5359.47   1.39850e-15
       5362.21   1.40490e-15
       5364.95   1.41480e-15
       5367.70   1.38730e-15
       5370.44   1.40570e-15
       5373.18   1.43550e-15
       5375.92   1.39520e-15
       5378.66   1.39280e-15
       5381.40   1.35510e-15
       5384.15   1.36420e-15
       5386.89   1.37470e-15
       5389.63   1.40140e-15
       5392.37   1.37950e-15
       5395.11   1.37170e-15
       5397.85   1.35920e-15
       5400.59   1.34410e-15
       5403.33   1.36570e-15
       5406.08   1.38000e-15
       5408.82   1.33290e-15
       5411.56   1.36810e-15
       5414.30   1.32640e-15
       5417.04   1.32990e-15
       5419.78   1.34120e-15
       5422.52   1.36690e-15
       5425.26   1.35500e-15
       5428.00   1.34210e-15
       5430.75   1.33720e-15
       5433.49   1.33450e-15
       5436.23   1.33390e-15
       5438.97   1.32030e-15
       5441.71   1.33700e-15
       5444.45   1.30840e-15
       5447.19   1.34680e-15
       5449.93   1.35640e-15
       5452.67   1.31400e-15
       5455.41   1.29130e-15
       5458.15   1.31060e-15
       5460.89   1.28500e-15
       5463.63   1.29810e-15
       5466.38   1.30370e-15
       5469.12   1.27270e-15
       5471.86   1.29990e-15
       5474.60   1.26690e-15
       5477.34   1.28060e-15
       5480.08   1.28370e-15
       5482.82   1.30400e-15
       5485.56   1.27620e-15
       5488.30   1.30070e-15
       5491.04   1.30300e-15
       5493.78   1.30690e-15
       5496.52   1.28510e-15
       5499.26   1.27500e-15
       5502.00   1.28190e-15
       5504.74   1.27200e-15
       5507.48   1.24810e-15
       5510.22   1.24610e-15
       5512.96   1.24900e-15
       5515.70   1.23780e-15
       5518.44   1.26380e-15
       5521.18   1.27990e-15
       5523.92   1.25100e-15
       5526.66   1.23090e-15
       5529.40   1.26000e-15
       5532.14   1.21960e-15
       5534.88   1.24070e-15
       5537.62   1.23220e-15
       5540.36   1.22020e-15
       5543.10   1.23170e-15
       5545.83   1.22350e-15
       5548.57   1.26140e-15
       5551.31   1.22950e-15
       5554.05   1.20370e-15
       5556.79   1.19250e-15
       5559.53   1.21790e-15
       5562.27   1.24920e-15
       5565.01   1.22850e-15
       5567.75   1.24330e-15
       5570.49   1.23360e-15
       5573.23   1.23630e-15
       5575.97   1.20100e-15
       5578.71   1.19140e-15
       5581.45   1.21420e-15
       5584.18   1.22720e-15
       5586.92   1.19120e-15
       5589.66   1.21300e-15
       5592.40   1.18120e-15
       5595.14   1.18190e-15
       5597.88   1.17760e-15
       5600.62   1.18710e-15
       5603.36   1.20400e-15
       5606.09   1.18190e-15
       5608.83   1.18280e-15
       5611.57   1.15480e-15
       5614.31   1.18590e-15
       5617.05   1.21350e-15
       5619.79   1.17980e-15
       5622.53   1.17900e-15
       5625.26   1.16230e-15
       5628.00   1.17780e-15
       5630.74   1.17970e-15
       5633.48   1.15740e-15
       5636.22   1.17340e-15
       5638.96   1.19000e-15
       5641.69   1.17330e-15
       5644.43   1.18750e-15
       5647.17   1.18550e-15
       5649.91   1.15030e-15
       5652.65   1.14760e-15
       5655.39   1.15480e-15
       5658.12   1.15900e-15
       5660.86   1.14880e-15
       5663.60   1.13700e-15
       5666.34   1.12070e-15
       5669.07   1.12980e-15
       5671.81   1.13200e-15
       5674.55   1.10680e-15
       5677.29   1.11400e-15
       5680.03   1.13720e-15
       5682.76   1.13460e-15
       5685.50   1.08840e-15
       5688.24   1.17590e-15
